1.000000000000000000e+00 0.000000000000000000e+00 0.000000000000000000e+00 0.000000000000000000e+00 9.848077400232231327e-01 1.736482513311081999e-01 0.000000000000000000e+00 -1.736482513311081999e-01 9.848077400232231327e-01
9.999993197905867603e-01 6.181595795217499344e-08 1.166369735541370866e-03 -2.025989418575430622e-04 9.848077400107011492e-01 1.736481332139333811e-01 -1.148639209049675267e-03 -1.736482514021128187e-01 9.848070701477299460e-01
9.999972779501086206e-01 1.585935682992208391e-07 2.333257882916249266e-03 -4.053246336543268012e-04 9.848075663102098254e-01 1.736487634568792127e-01 -2.297782477671836496e-03 -1.736492365031781226e-01 9.848048856791626893e-01
9.999938747262081540e-01 2.892872280256780898e-07 3.500072853681032888e-03 -6.080733183154599184e-04 9.848073925488831648e-01 1.736491572911009196e-01 -3.446847386281384328e-03 -1.736502219433832539e-01 9.848013605098793199e-01
9.999891113952404931e-01 3.842028165218500739e-07 4.666593062363866805e-03 -8.107332862395574520e-04 9.848073924133340373e-01 1.736483301376315069e-01 -4.595628629023191213e-03 -1.736502227119264552e-01 9.847966695463599152e-01
9.999829883952681131e-01 4.760919007750231100e-07 5.832916924016101103e-03 -1.013361923632552118e-03 9.848072185916876276e-01 1.736482516678930499e-01 -5.744216019690474850e-03 -1.736512084883878038e-01 9.847904659230012347e-01
9.999755057694920124e-01 5.918285032612026689e-07 6.999132853316014126e-03 -1.215990710466334111e-03 9.848072183545344416e-01 1.736469523009155635e-01 -6.892693786952103392e-03 -1.736512098329698328e-01 9.847830969791802058e-01
9.999666645311766633e-01 7.108663021486878372e-07 8.165159268986778990e-03 -1.418597882816549421e-03 9.848070444141211466e-01 1.736464017835384344e-01 -8.040982927485920001e-03 -1.736521962769773386e-01 9.847742164180285362e-01
9.999564656019419573e-01 8.131945965216463925e-07 9.330964591667458702e-03 -1.621152505077840499e-03 9.848068704516121930e-01 1.736456154812346386e-01 -9.189056830138616835e-03 -1.736531828405118161e-01 9.847639987956161578e-01
9.999449091003017598e-01 9.166604975665035829e-07 1.049660723990819208e-02 -1.823671961088453846e-03 9.848068700982900436e-01 1.736436086580442351e-01 -1.033697175034832549e-02 -1.736531848437263825e-01 9.847526178734754554e-01
9.999319938171615796e-01 1.033629702009168181e-06 1.166223562476766812e-02 -2.026213727858023218e-03 9.848066960220176469e-01 1.736423506179479437e-01 -1.148486825196659393e-02 -1.736541720464237493e-01 9.847397251721421441e-01
9.999177184872853896e-01 1.156504833202910046e-06 1.282794815409628829e-02 -2.228765590886176533e-03 9.848066955388570243e-01 1.736398716475504589e-01 -1.263284841682854945e-02 -1.736541747856912565e-01 9.847256667317949574e-01
9.999020841797275905e-01 1.286114056756041931e-06 1.399364324909544051e-02 -2.431334844776548033e-03 9.848065213348705660e-01 1.736381413952122199e-01 -1.378080781048843934e-02 -1.736551627066038050e-01 9.847100963234983739e-01
9.998850893997838218e-01 1.431415496283920424e-06 1.515941931399019879e-02 -2.633920988120844360e-03 9.848065206916766234e-01 1.736351901642714524e-01 -1.492884644621498939e-02 -1.736551663530498668e-01 9.846933597535224569e-01
9.998667321882771519e-01 1.596567200624954160e-06 1.632537474568959701e-02 -2.836573914747808102e-03 9.848063462775695776e-01 1.736329870152839017e-01 -1.607705543818266358e-02 -1.736561554592135626e-01 9.846751078196113172e-01
9.998470136197427083e-01 1.775668305369712633e-06 1.749140796302452866e-02 -3.039239168378460049e-03 9.848063454097453207e-01 1.736295627650397133e-01 -1.722534124362562480e-02 -1.736561603789179842e-01 9.846556888483872783e-01
9.998259333711816410e-01 1.968517287179728539e-06 1.865751737424825585e-02 -3.241931204480027508e-03 9.848063444246987208e-01 1.736259020507223694e-01 -1.837369969578404177e-02 -1.736561659630505294e-01 9.846349288860835047e-01
9.998034911214280784e-01 2.174882532274784136e-06 1.982370138682989363e-02 -3.444669042121780919e-03 9.848061696581834612e-01 1.736229894293015164e-01 -1.952212582160466059e-02 -1.736571570608219650e-01 9.846126539939238365e-01
9.997796886501524316e-01 2.390493231160843015e-06 2.098985842948771288e-02 -3.647392941851099885e-03 9.848061684309020736e-01 1.736188559609050663e-01 -2.067052702115088764e-02 -1.736571640178754539e-01 9.845892131736649899e-01
9.997545237741340962e-01 2.612868445434885979e-06 2.215608689113059138e-02 -3.850157739976177006e-03 9.848059934324070452e-01 1.736154704655870906e-01 -2.181899352701017342e-02 -1.736581564245767428e-01 9.845642570338848376e-01
9.997279961777459922e-01 2.840877060346138731e-06 2.332238517729621693e-02 -4.052919557323397814e-03 9.848059919784668548e-01 1.736108637337246963e-01 -2.296753146271088633e-02 -1.736581646662128109e-01 9.845381324983161209e-01
9.997001079960665670e-01 3.074967565193719155e-06 2.448865172273565968e-02 -4.255705985987455996e-03 9.848058167474528224e-01 1.736070052358000826e-01 -2.411603282494241898e-02 -1.736591583848282327e-01 9.845104944437410577e-01
9.996708592670446869e-01 3.315548358691608475e-06 2.565488494021216787e-02 -4.458470070503887418e-03 9.848058150511540543e-01 1.736019259284375116e-01 -2.526450428800864484e-02 -1.736591679999631710e-01 9.844816901256425723e-01
9.996402446662417951e-01 3.563657493835568503e-06 2.682128317058380534e-02 -4.661296659426493981e-03 9.848056395623160375e-01 1.735975938765009219e-01 -2.641313228432243948e-02 -1.736601631738208529e-01 9.844513670920329584e-01
9.996082719318108989e-01 3.816754284322185290e-06 2.798754492504111624e-02 -4.864106778932972795e-03 9.848054639475427585e-01 1.735930259091888472e-01 -2.756162460273244713e-02 -1.736611590554939244e-01 9.844197065707088745e-01
9.995749385417694866e-01 4.076386548388558961e-06 2.915376858316753861e-02 -5.066890329783654487e-03 9.848054618575420305e-01 1.735872371977250361e-01 -2.871008292575552220e-02 -1.736611709016623317e-01 9.843868796664551057e-01
9.995402445414920400e-01 4.341023272875884750e-06 3.031995255751256807e-02 -5.269701801176393356e-03 9.848052859740608067e-01 1.735821965538953404e-01 -2.985849602476612144e-02 -1.736621683001337568e-01 9.843525392441647703e-01
9.995041962754080966e-01 4.608623893680903076e-06 3.148589535984108040e-02 -5.472476631305080684e-03 9.848051099660338759e-01 1.735769206556784516e-01 -3.100667069148340532e-02 -1.736631663984866403e-01 9.843168651451023043e-01
9.994667912269791232e-01 4.876898207830750230e-06 3.265169537193711446e-02 -5.675229649626621978e-03 9.848049338445873380e-01 1.735714090620396333e-01 -3.215470421058036488e-02 -1.736641651336675862e-01 9.842798548916645851e-01
9.994280264150993132e-01 5.144705680221127601e-06 3.381745096176710236e-02 -5.877943513416320799e-03 9.848049312805984279e-01 1.735646770096634650e-01 -3.330269953130836347e-02 -1.736641796656631098e-01 9.842416791139155796e-01
9.993879088891165496e-01 5.412704902354557049e-06 3.498296066575255076e-02 -6.080649342790418049e-03 9.848047549421712343e-01 1.735586942416312006e-01 -3.445044658359289191e-02 -1.736651796244504387e-01 9.842019976184759322e-01
9.993464321731964084e-01 5.687200597844482418e-06 3.614842279213185960e-02 -6.283320037677287730e-03 9.848047521187215381e-01 1.735514911883145606e-01 -3.559815152514371472e-02 -1.736651956266403452e-01 9.841611511515548916e-01
9.993035963237739683e-01 5.962984461838219337e-06 3.731383575585056622e-02 -6.486020240476786380e-03 9.848045755097025733e-01 1.735450362199816021e-01 -3.674580133582476538e-02 -1.736661971127294868e-01 9.841187926589912705e-01
9.992594090949390440e-01 6.237876861356183970e-06 3.847899812004002690e-02 -6.688640477582515238e-03 9.848045724605106743e-01 1.735373624019694305e-01 -3.789321078761730133e-02 -1.736662143940487790e-01 9.840752768737996981e-01
9.992138672814727673e-01 6.511247268429133531e-06 3.964400824849611399e-02 -6.891271849627864619e-03 9.848043956435219570e-01 1.735304373690444713e-01 -3.904046368446070781e-02 -1.736672170526176173e-01 9.840302535575322640e-01
9.991669712947821580e-01 6.783574376627899548e-06 4.080886457125668110e-02 -7.093837622844118701e-03 9.848043923896916407e-01 1.735222930857903689e-01 -4.018757197682849142e-02 -1.736672354934958307e-01 9.839840701833815206e-01
9.991187215480560324e-01 7.055466684885970518e-06 4.197356551924653206e-02 -7.296376018672836965e-03 9.848043890284995383e-01 1.735139136991551978e-01 -4.133452732489180381e-02 -1.736672545427724590e-01 9.839365536204067730e-01
9.990691141424459243e-01 7.327972138543424488e-06 4.313820943119092005e-02 -7.498947630768948089e-03 9.848042118844451132e-01 1.735062824196522135e-01 -4.248141889178667918e-02 -1.736682590485606192e-01 9.838875265232213119e-01
9.990181491453493656e-01 7.602538105324360365e-06 4.430279472450609352e-02 -7.701469796251834282e-03 9.848042082814890685e-01 1.734974314335711865e-01 -4.362825966249090498e-02 -1.736682794676987773e-01 9.838373359786420913e-01
9.989658266259988650e-01 7.881730486001750088e-06 4.546731981668795247e-02 -7.904030880798051939e-03 9.848040308615133576e-01 1.734893284751279352e-01 -4.477503243181461812e-02 -1.736692855308438477e-01 9.837856350516286374e-01
9.989121466554771178e-01 8.167015809143958301e-06 4.663178312531419262e-02 -8.106543653899535989e-03 9.848040269473390396e-01 1.734800059323622079e-01 -4.592175099159336721e-02 -1.736693077132653862e-01 9.837327707991948555e-01
9.988571093067092344e-01 8.459930161757486027e-06 4.779618306804646333e-02 -8.309100054008821540e-03 9.848038491838557729e-01 1.734714313336743197e-01 -4.706839750551424645e-02 -1.736703157165633560e-01 9.836783963243129758e-01
9.988007097584296057e-01 8.759322416692426707e-06 4.896061794270375328e-02 -8.511623029763075096e-03 9.848038449156691909e-01 1.734616364292509427e-01 -4.821508539302134938e-02 -1.736703399046270746e-01 9.836228538306512892e-01
9.987429477379438092e-01 9.066348781506635549e-06 5.012508614979499511e-02 -8.714208729298480310e-03 9.848036667880426531e-01 1.734525884703030374e-01 -4.936179605672050968e-02 -1.736713499648903092e-01 9.835657961170810593e-01
9.986838281033700859e-01 9.381516039419643136e-06 5.128948622072100616e-02 -8.916742455871557588e-03 9.848036621336045959e-01 1.734423211105547702e-01 -5.050844670719968621e-02 -1.736713763411469602e-01 9.835075748823685071e-01
9.986233456896770333e-01 9.704831384620395888e-06 5.245391643502120282e-02 -9.119341157828605646e-03 9.848034836043988438e-01 1.734328005236837333e-01 -5.165511649781726056e-02 -1.736723886703266106e-01 9.834478381455419305e-01
9.985615055916088334e-01 1.003434485772670958e-05 5.361827533529267553e-02 -9.321935932688263371e-03 9.848033048846399629e-01 1.734230440245977944e-01 -5.280171456578078293e-02 -1.736734020729790995e-01 9.833867643767181255e-01
9.984983024149522990e-01 1.037210081636886567e-05 5.478266118835498771e-02 -9.524491917117615739e-03 9.848032996247554349e-01 1.734120673480217811e-01 -5.394834685307170474e-02 -1.736734318789537879e-01 9.833245216769522790e-01
9.984337358963187858e-01 1.071878521550031020e-05 5.594707239192803216e-02 -9.727116262467770669e-03 9.848031204661454874e-01 1.734018371568160632e-01 -5.509499281546760552e-02 -1.736744477614659277e-01 9.832607629522361892e-01
9.983678057741822709e-01 1.107489406990727565e-05 5.711150734301666948e-02 -9.929700139425347641e-03 9.848031147462527057e-01 1.733903868189357045e-01 -5.624167003908954465e-02 -1.736744801731842647e-01 9.831958347591737146e-01
9.983005176164365668e-01 1.144381832409376358e-05 5.827586460786127881e-02 -1.013234061653402879e-02 9.848029350761202672e-01 1.733796837553042980e-01 -5.738825838431840104e-02 -1.736754989470242483e-01 9.831293957893421087e-01
9.982318655706035049e-01 1.182335768593078744e-05 5.944024242582532369e-02 -1.033499749379549262e-02 9.848027551444089589e-01 1.733687436846239882e-01 -5.853486470673621711e-02 -1.736765191964355082e-01 9.830616136812454497e-01
9.981618615017036067e-01 1.221041423617326100e-05 6.060443955981906911e-02 -1.053757308686343978e-02 9.848027486547489273e-01 1.733565856709529951e-01 -5.968130190346881275e-02 -1.736765559681479609e-01 9.829926734773509756e-01
9.980904996773852789e-01 1.260298854914613366e-05 6.176855425628841739e-02 -1.074020070506967114e-02 9.848025682707456374e-01 1.733451747703361467e-01 -6.082764620271104844e-02 -1.736775787731630327e-01 9.829222228075472634e-01
9.980177864879984373e-01 1.299858285906929250e-05 6.293248512996155175e-02 -1.094273976910655095e-02 9.848025613707321879e-01 1.733325461763911557e-01 -6.197381947194800789e-02 -1.736776178690910000e-01 9.828506146670390464e-01
9.979437223816380875e-01 1.339509920321647245e-05 6.409623061968047764e-02 -1.114531074085267810e-02 9.848023806210733921e-01 1.733206657371136883e-01 -6.311979885558716141e-02 -1.736786427389326037e-01 9.827775028198357798e-01
9.978683078081452829e-01 1.379203681724852908e-05 6.525978916521602002e-02 -1.134778776312841617e-02 9.848023733831372528e-01 1.733075679011823189e-01 -6.426560499203066990e-02 -1.736786837488113744e-01 9.827032343623830490e-01
9.977915432191325484e-01 1.418829640806938963e-05 6.642315920726971079e-02 -1.155023145564953654e-02 9.848023659912576999e-01 1.732942355975574944e-01 -6.541122559395273761e-02 -1.736787256307262273e-01 9.826276364063775137e-01
9.977134290679593454e-01 1.458387650775377361e-05 6.758633918747559977e-02 -1.175270810441564166e-02 9.848021847665815454e-01 1.732816514556003162e-01 -6.655664737399530351e-02 -1.736797531846423770e-01 9.825505361171278373e-01
9.976339589347933412e-01 1.497967342132346405e-05 6.874942731179850552e-02 -1.195510368398066195e-02 9.848021770569745925e-01 1.732678491808227472e-01 -6.770199019228426152e-02 -1.736797968661077385e-01 9.824722737485019897e-01
9.975531399189062620e-01 1.537388997239140284e-05 6.991232224418393593e-02 -1.215753308013499921e-02 9.848019955248769053e-01 1.732547950263590431e-01 -6.884713085769465779e-02 -1.736808261549436794e-01 9.823925097428215514e-01
9.974709653715041480e-01 1.576512835610587403e-05 7.107512217576730795e-02 -1.235987541865799649e-02 9.848019875488952524e-01 1.732405229713322170e-01 -6.999219042489508713e-02 -1.736808713451373498e-01 9.823115840751951433e-01
9.973874498517750764e-01 1.615488400415191123e-05 7.223762604898201212e-02 -1.256223609605827338e-02 9.848018057508330925e-01 1.732270002458204949e-01 -7.113694611409554502e-02 -1.736819021340978153e-01 9.822291645887134548e-01
9.973025721506483254e-01 1.654475102221094929e-05 7.340013152557850473e-02 -1.276452725670672306e-02 9.848017974730920443e-01 1.732122586241517104e-01 -7.228171570745814400e-02 -1.736819490333939286e-01 9.821455768644218320e-01
9.972163469471641006e-01 1.693662271654441137e-05 7.456243755741864820e-02 -1.296685927200153660e-02 9.848016153276534235e-01 1.731982650278711400e-01 -7.342627555564325281e-02 -1.736829817834648904e-01 9.820604889195121423e-01
9.971287671346386050e-01 1.733288993509377344e-05 7.572464230438205601e-02 -1.316910584585644604e-02 9.848016066463117779e-01 1.731830540152924092e-01 -7.457074764125884436e-02 -1.736830309685260809e-01 9.819742401661102349e-01
9.970398328319842740e-01 1.773634158811904498e-05 7.688674418774131547e-02 -1.337141745833939424e-02 9.848014240229074900e-01 1.731685896391391977e-01 -7.571510378731446944e-02 -1.736840664191046657e-01 9.818864843405271658e-01
9.969495363550806566e-01 1.814916722648828075e-05 7.804884132386279150e-02 -1.357366303117643440e-02 9.848014147899567527e-01 1.731529067027626489e-01 -7.685946677739741162e-02 -1.736841187279576093e-01 9.817975602273550928e-01
9.968578853990617272e-01 1.857096397819022002e-05 7.921083242101722988e-02 -1.377597715228157105e-02 9.848012315793465143e-01 1.731379702240444796e-01 -7.800370998363470587e-02 -1.736851574974718204e-01 9.817071290837544595e-01
9.967648800884180149e-01 1.900262470577178097e-05 8.037271590049654968e-02 -1.397820557049679439e-02 9.848012217422784653e-01 1.731218167185884227e-01 -7.914785904464256838e-02 -1.736852132273091764e-01 9.816155373234642934e-01
9.966705123960457602e-01 1.944394536174998584e-05 8.153458985079056753e-02 -1.418052227668363356e-02 9.848010379048396379e-01 1.731064081122099252e-01 -8.029198283866285923e-02 -1.736862555399346919e-01 9.815224307820745731e-01
9.965747903712484090e-01 1.989462254282404352e-05 8.269635300729057115e-02 -1.438283138343887137e-02 9.848008537504121529e-01 1.730907640917182799e-01 -8.143599546820796953e-02 -1.736872996412325287e-01 9.814279905247449420e-01
9.964777057582333564e-01 2.035694340599629760e-05 8.385810343909830267e-02 -1.458506960876493168e-02 9.848008429272129272e-01 1.730739018869066059e-01 -8.258000769747565750e-02 -1.736873609548085506e-01 9.813323814963199609e-01
9.963792583404479375e-01 2.082890984693782312e-05 8.501983953816565076e-02 -1.478731499574046336e-02 9.848008317709181503e-01 1.730568029825026166e-01 -8.372400410966780726e-02 -1.736874241546131625e-01 9.812354303766144259e-01
9.962794565213516362e-01 2.130952092673049874e-05 8.618146006783887481e-02 -1.498963384408544264e-02 9.848006466029695094e-01 1.730404499751244662e-01 -8.486787019090578921e-02 -1.736884739879927253e-01 9.811369724013980775e-01
9.961782917022760087e-01 2.179956879645899819e-05 8.734306306693052913e-02 -1.519187537768396622e-02 9.848006347814273198e-01 1.730228789975668258e-01 -8.601173212791336786e-02 -1.736885409544237369e-01 9.810373452002117967e-01
9.960757813732753485e-01 2.229456657273218146e-05 8.850444771067246530e-02 -1.539417116371694441e-02 9.848004489935074934e-01 1.730060552592540268e-01 -8.715536274837618058e-02 -1.736895942914778446e-01 9.809362199343343303e-01
9.959719170555700885e-01 2.279301652017928122e-05 8.966571204831348674e-02 -1.559636358761546174e-02 9.848004366373115381e-01 1.729880153126319986e-01 -8.829888945788376409e-02 -1.736896642850083439e-01 9.808339342829985874e-01
9.958667079730435523e-01 2.329391982376246463e-05 9.082675491465025397e-02 -1.579860954734727679e-02 9.848002503476352976e-01 1.729707225272687499e-01 -8.944218181206846363e-02 -1.736907204562990747e-01 9.807301513362728373e-01
9.957601454182382072e-01 2.379697468777906231e-05 9.198767433929939952e-02 -1.600074803281178321e-02 9.848002375077369308e-01 1.729522138253672958e-01 -9.058536779767180358e-02 -1.736907931883814593e-01 9.806252084780154865e-01
9.956522388508496357e-01 2.430098376368198816e-05 9.314836917924401716e-02 -1.620294032206258394e-02 9.848000507546101900e-01 1.729344522026681208e-01 -9.172831621811351754e-02 -1.736918519769404812e-01 9.805187691016477025e-01
9.955429793348626877e-01 2.480445110675048701e-05 9.430893744393700762e-02 -1.640501964721789024e-02 9.848000374944750890e-01 1.729154749617708153e-01 -9.287115605740897673e-02 -1.736919270882202049e-01 9.804111702938419493e-01
9.954323765656760692e-01 2.530747457430769810e-05 9.546927801309557093e-02 -1.660715314233799159e-02 9.847998503426121930e-01 1.728972447139500435e-01 -9.401375510698918581e-02 -1.736929881276165211e-01 9.803020757531744067e-01
9.953204213787057997e-01 2.581045010889380643e-05 9.662948887547755106e-02 -1.680917133593315752e-02 9.847998366770125411e-01 1.728777991528364644e-01 -9.515624280894352527e-02 -1.736930655344360308e-01 9.801918222673230430e-01
9.952071237050112984e-01 2.631327635689214032e-05 9.778946893408163588e-02 -1.701114944107250115e-02 9.847998228073959748e-01 1.728581204144451211e-01 -9.629850321521994660e-02 -1.736931440965152340e-01 9.800802467004298135e-01
9.950924840464835386e-01 2.681615030356969894e-05 9.894921664719164012e-02 -1.721318482746039477e-02 9.847996350366720053e-01 1.728391885532138128e-01 -9.744051755966032236e-02 -1.736942086326766221e-01 9.799671767080637697e-01
9.949764728740622122e-01 2.731976550609982427e-05 1.001090289670264616e-01 -1.741513602330754459e-02 9.847996207385253387e-01 1.728190383914516570e-01 -9.858261238362588108e-02 -1.736942896208357179e-01 9.798529289075647020e-01
9.948591706642042620e-01 2.782680792623700095e-05 1.012681083609269644e-01 -1.761706318533363264e-02 9.847994324802017418e-01 1.727996437247386885e-01 -9.972396717968880220e-02 -1.736953569107171635e-01 9.797372368944660126e-01
9.947404157788645174e-01 2.833687180983282929e-05 1.024280450517020408e-01 -1.781904382219896832e-02 9.847994176486210005e-01 1.727790168863095333e-01 -1.008661831009499549e-01 -1.736954409187494441e-01 9.796202871065333717e-01
9.946204120753223688e-01 2.885155107340841123e-05 1.035868478654689701e-01 -1.802093424735460095e-02 9.847992288320110976e-01 1.727591526395309551e-01 -1.020072635255369065e-01 -1.736965113623881451e-01 9.795019347242593932e-01
9.944990584478107243e-01 2.937173410054934826e-05 1.047455100885922169e-01 -1.822270499999228272e-02 9.847992133982290675e-01 1.727380742995372753e-01 -1.031482223254545083e-01 -1.736965987793959165e-01 9.793824257171291903e-01
9.943762491564523964e-01 2.989890506864658885e-05 1.059050245248091549e-01 -1.842473515710229062e-02 9.847990239179277294e-01 1.727177223816004359e-01 -1.042900007092510822e-01 -1.736976729733373248e-01 9.792613104558516302e-01
9.942521950184020074e-01 3.043465625033614383e-05 1.070634007250889502e-01 -1.862647312685451056e-02 9.847990077615578208e-01 1.726961748583492884e-01 -1.054306748529280913e-01 -1.736977644806710908e-01 9.791391420091800635e-01
9.941266832338483406e-01 3.097996983964497008e-05 1.082226257429989430e-01 -1.882847475478376109e-02 9.847988174990903731e-01 1.726753531654178775e-01 -1.065721643811188557e-01 -1.736988430952687568e-01 9.790153653985667059e-01
9.939999292591430446e-01 3.153504536629803454e-05 1.093807096263303830e-01 -1.903018259005672189e-02 9.847988005281097523e-01 1.726533365706707790e-01 -1.077125470101222143e-01 -1.736989392136207844e-01 9.788905381771013658e-01
9.938717156632539407e-01 3.210016807082529062e-05 1.105396389272164381e-01 -1.923215626773805073e-02 9.847986094281980796e-01 1.726320452105586656e-01 -1.088537411845521968e-01 -1.737000225615019378e-01 9.787641008906385887e-01
9.937422625405303300e-01 3.267523934637088983e-05 1.116974242010829454e-01 -1.943383356431700390e-02 9.847985916051308353e-01 1.726095596586271486e-01 -1.099938259804720264e-01 -1.737001235027755552e-01 9.786366155735733985e-01
9.936113478299203328e-01 3.325935138060235713e-05 1.128560514878348547e-01 -1.963577740893365092e-02 9.847983996590574662e-01 1.725877987417015202e-01 -1.111347187388176116e-01 -1.737012116330073630e-01 9.785075182992050147e-01
9.934790822485864981e-01 3.385101147837268719e-05 1.140145253404822173e-01 -1.983759229002748231e-02 9.847983810210680922e-01 1.725648245454958762e-01 -1.122754784743359713e-01 -1.737013171866930994e-01 9.783772632992687734e-01
9.933455811487367226e-01 3.444872809525773618e-05 1.151718508384909634e-01 -2.003921390901566152e-02 9.847983620219243894e-01 1.725416357429220560e-01 -1.134151062168844842e-01 -1.737014247846563331e-01 9.782457915624237499e-01
9.932106155255600033e-01 3.505040263644742198e-05 1.163300132330764430e-01 -2.024109958652428251e-02 9.847981689864884203e-01 1.725191706691992788e-01 -1.145555371637131808e-01 -1.737025190730669411e-01 9.781127050462047334e-01
9.930744170640805057e-01 3.565633696000816678e-05 1.174870243961534111e-01 -2.044267631335339522e-02 9.847981493221593663e-01 1.724955132077275188e-01 -1.156948536365562386e-01 -1.737026304356830142e-01 9.779785769748436941e-01
9.929367521325168644e-01 3.626393678383210771e-05 1.186448690397338412e-01 -2.064439968557572891e-02 9.847981293657519508e-01 1.724716010227125840e-01 -1.168349905899380148e-01 -1.737027434516865976e-01 9.778430047258130919e-01
9.927978570497452138e-01 3.686933547463432781e-05 1.198015595811911388e-01 -2.084603859638568812e-02 9.847979355066200924e-01 1.724484528684936124e-01 -1.179739704861694771e-01 -1.737038423943211563e-01 9.777060485775759258e-01
9.926576145166480236e-01 3.747550514136684878e-05 1.209580875249951365e-01 -2.104753341387150326e-02 9.847979150832830708e-01 1.724240928200311551e-01 -1.191128107270995190e-01 -1.737039580527895422e-01 9.775679379344869302e-01
9.925159026087575498e-01 3.807876588658057977e-05 1.221154438174417434e-01 -2.124916945609839000e-02 9.847978944639704801e-01 1.723994775420052417e-01 -1.202524671936056194e-01 -1.737040748207650531e-01 9.774283802532607313e-01
9.923729645919260323e-01 3.867962182319039169e-05 1.232716417142191295e-01 -2.145072351002171723e-02 9.847976999480910765e-01 1.723756265770946261e-01 -1.213909618049406197e-01 -1.737051774727403353e-01 9.772874427266704522e-01
9.922286797015451576e-01 3.927876142665494150e-05 1.244276723036615018e-01 -2.165212677291570784e-02 9.847976789246232210e-01 1.723505642314066277e-01 -1.225293131619452636e-01 -1.737052965279226313e-01 9.771453512012470144e-01
9.920830481334012019e-01 3.987727418272240214e-05 1.255835340167754388e-01 -2.185362397546672733e-02 9.847974839600217578e-01 1.723262449690978471e-01 -1.236674764256087411e-01 -1.737064017122386117e-01 9.770017611441178529e-01
9.919359433453234232e-01 4.047773167537171724e-05 1.267402172208042244e-01 -2.205514350939898061e-02 9.847974624019161238e-01 1.723006926611917733e-01 -1.248064699621106166e-01 -1.737065237931491035e-01 9.768568926139062913e-01
9.917876178604956294e-01 4.108539716594369158e-05 1.278957363268750091e-01 -2.225659416811783670e-02 9.847972667321115425e-01 1.722759050273660053e-01 -1.259442935374171513e-01 -1.737076329611121905e-01 9.767106496687789630e-01
9.916379462961105729e-01 4.170204472673629323e-05 1.290510818496747036e-01 -2.245789902713986666e-02 9.847972443129486830e-01 1.722499067195950584e-01 -1.270819666078502330e-01 -1.737077599146390483e-01 9.765632534088712902e-01
9.914869288553189719e-01 4.232697361331832483e-05 1.302062522211396567e-01 -2.265931015064301737e-02 9.847970477393430677e-01 1.722246510444165324e-01 -1.282194430363222948e-01 -1.737088741898392130e-01 9.764143595088888850e-01
9.913345657430263635e-01 4.296116870213050298e-05 1.313612458734438881e-01 -2.286057294950304131e-02 9.847970243999424333e-01 1.721981850584951290e-01 -1.293567662223582271e-01 -1.737090063507280568e-01 9.762643126454724207e-01
9.911807246493750112e-01 4.360630218257531077e-05 1.325170524197932520e-01 -2.306211857388441519e-02 9.847968268243559864e-01 1.721724384550661069e-01 -1.304948649197504584e-01 -1.737101262885092923e-01 9.761126380978817352e-01
9.910256696614120342e-01 4.426297233405610936e-05 1.336716877762054723e-01 -2.326334311974371030e-02 9.847968024260419506e-01 1.721455047288097395e-01 -1.316318310251861357e-01 -1.737102644412035490e-01 9.759599403093982550e-01
9.908692696278843526e-01 4.492967893201847094e-05 1.348261417100817816e-01 -2.346454639357705568e-02 9.847967775161268200e-01 1.721183373623971502e-01 -1.327686166593851913e-01 -1.737104054890674654e-01 9.758059179238344205e-01
9.907113887801383134e-01 4.560630903218108764e-05 1.359814033660264321e-01 -2.366603402184291188e-02 9.847965783718128918e-01 1.720918884225716983e-01 -1.339061722812148192e-01 -1.737115342953209629e-01 9.756502651451283148e-01
9.905522981400292082e-01 4.629177774836787287e-05 1.371354895954285114e-01 -2.386719376370596488e-02 9.847965524508774937e-01 1.720642535296384446e-01 -1.350425922120583322e-01 -1.737116810635867814e-01 9.754935930854239379e-01
9.903918630970767190e-01 4.698072364904349381e-05 1.382893897011368001e-01 -2.406832491708600294e-02 9.847965261591157260e-01 1.720363851068250904e-01 -1.361788281884774299e-01 -1.737118299303471725e-01 9.753355970615772419e-01
9.902299444254749616e-01 4.767204611333867274e-05 1.394440923470646743e-01 -2.426973545077874481e-02 9.847963258002577769e-01 1.720092341459076857e-01 -1.373158297657990079e-01 -1.737129656004078870e-01 9.751759679555488392e-01
9.900668200785429640e-01 4.836407115253242665e-05 1.405976153442106413e-01 -2.447080587793644055e-02 9.847962988555926112e-01 1.719808984161046439e-01 -1.384516935224930634e-01 -1.737131181610725994e-01 9.750153235408717256e-01
9.899023519878149546e-01 4.905629392691312194e-05 1.417509475187797297e-01 -2.467198323772895260e-02 9.847960979026881834e-01 1.719533041228229753e-01 -1.395873445986742789e-01 -1.737142571843740824e-01 9.748531838583551767e-01
9.897365403764510905e-01 4.974989903315482122e-05 1.429040873054407967e-01 -2.487299040077550066e-02 9.847960703388530801e-01 1.719245014350069822e-01 -1.407228303871707609e-01 -1.737144132480098468e-01 9.746898930622617252e-01
9.895692414119839908e-01 5.044447960776013651e-05 1.440580227084386489e-01 -2.507413704842705038e-02 9.847960424508034327e-01 1.718954403831360056e-01 -1.418590994705212771e-01 -1.737145711464355979e-01 9.745251375253605186e-01
9.894007422835833232e-01 5.114004667262220315e-05 1.452107728558385824e-01 -2.527522208287845060e-02 9.847958405400224491e-01 1.718671452131911859e-01 -1.429941758162041332e-01 -1.737157155808495279e-01 9.743590282041203476e-01
9.892309003153613167e-01 5.183649060869015122e-05 1.463633259195696035e-01 -2.547613220489653579e-02 9.847958120300036589e-01 1.718376422558350880e-01 -1.441290829400455886e-01 -1.737158769978840167e-01 9.741917683545255890e-01
9.890597157377818416e-01 5.253469809859004569e-05 1.475156803353580570e-01 -2.567700988815668078e-02 9.847957831819389440e-01 1.718079060761613097e-01 -1.452637940709987918e-01 -1.737160403278207865e-01 9.740231863076572738e-01
9.888871887831507390e-01 5.323515964006465058e-05 1.486678345391999334e-01 -2.587800175167041111e-02 9.847955802650143475e-01 1.717789105677249850e-01 -1.463982817040476447e-01 -1.737171904461723149e-01 9.738531105138960031e-01
9.887133196855451001e-01 5.393925520895710967e-05 1.498197869673628946e-01 -2.607881724024260078e-02 9.847955506744712206e-01 1.717487078935827638e-01 -1.475325956110692116e-01 -1.737173579764611508e-01 9.736818847908893515e-01
9.885381086808269213e-01 5.464895690263077134e-05 1.509715360563884945e-01 -2.627975198235266499e-02 9.847953469208783339e-01 1.717192456270785483e-01 -1.486666819481753665e-01 -1.737185128202472784e-01 9.735091658438772555e-01
9.883615560067012806e-01 5.536574119382883596e-05 1.521230802430942330e-01 -2.648051098417287391e-02 9.847953163968614643e-01 1.716885766171485916e-01 -1.498005912739641954e-01 -1.737186856312242234e-01 9.733352973752316117e-01
9.881836619027689617e-01 5.608969998330146306e-05 1.532744179645757487e-01 -2.668124160527176117e-02 9.847952853774789572e-01 1.716576745872166188e-01 -1.509342959530239614e-01 -1.737188612449298564e-01 9.731601078717364572e-01
9.880044266104276440e-01 5.682132024232385334e-05 1.544255476582088449e-01 -2.688209613438291568e-02 9.847950801252767228e-01 1.716275125627353404e-01 -1.520677674776017840e-01 -1.737200245578719993e-01 9.729834259441372257e-01
9.878238503729338538e-01 5.756039704399232016e-05 1.555764677616517655e-01 -2.708277110088004938e-02 9.847950480797736938e-01 1.715961444411076287e-01 -1.532010579072119738e-01 -1.737202059760373229e-01 9.728055951174182647e-01
9.876419334352424251e-01 5.830879959066896315e-05 1.567271767128470827e-01 -2.728341903880820291e-02 9.847950154651212706e-01 1.715645434249291335e-01 -1.543341386921535940e-01 -1.737203906141575882e-01 9.726264439747748236e-01
9.874586760442636280e-01 5.906602572844452131e-05 1.578776729500240561e-01 -2.748419465146603735e-02 9.847948085681921260e-01 1.715336820029765286e-01 -1.554669808971360923e-01 -1.737215632221358885e-01 9.724458012261594231e-01
9.872740784488056587e-01 5.983029013835837456e-05 1.590279549117005753e-01 -2.768478609364228085e-02 9.847947748752748920e-01 1.715016151448904846e-01 -1.565996380647502184e-01 -1.737217539592932902e-01 9.722640102149704422e-01
9.870881408995439976e-01 6.059911780460837416e-05 1.601780210366854085e-01 -2.788534496627595796e-02 9.847947407307908740e-01 1.714693155205511410e-01 -1.577320818083426668e-01 -1.737219472511215279e-01 9.720808996229094445e-01
9.869007023205128570e-01 6.137170322382501614e-05 1.613288566648651279e-01 -2.808620051242064625e-02 9.847945324210097828e-01 1.714377270453063540e-01 -1.588652545399863725e-01 -1.737231278419741620e-01 9.718961393856581088e-01
9.867120844730818963e-01 6.214638331216953255e-05 1.624784862454494994e-01 -2.828669128200130348e-02 9.847944974578591859e-01 1.714049616348349570e-01 -1.599972670113537776e-01 -1.737233257641285222e-01 9.717103892798245601e-01
9.865221274347222291e-01 6.292324228728548381e-05 1.636278953061952590e-01 -2.848714630479214777e-02 9.847944621041286872e-01 1.713719635892907989e-01 -1.611290618637090666e-01 -1.737235258959057282e-01 9.715233203445070576e-01
9.863308314632172058e-01 6.370267000404166216e-05 1.647770822870959495e-01 -2.868772796433966335e-02 9.847942526226680648e-01 1.713397042883068877e-01 -1.622606088036236960e-01 -1.737247131047573168e-01 9.713347614943815822e-01
9.861381968182048041e-01 6.448446430623076624e-05 1.659260456284464280e-01 -2.888811240285131879e-02 9.847942164657987885e-01 1.713062409175844236e-01 -1.633919635047564045e-01 -1.737249177788469101e-01 9.711450556970329107e-01
9.859442237610950288e-01 6.526911333063982305e-05 1.670747837708450867e-01 -2.908862549396220784e-02 9.847940061677694645e-01 1.712735159997216539e-01 -1.645230667687780646e-01 -1.737261095977738756e-01 9.709538605644546516e-01
9.857489125551388565e-01 6.605671050234857098e-05 1.682232951551959899e-01 -2.928893915005956194e-02 9.847939691748061053e-01 1.712395874802173645e-01 -1.656539750196936722e-01 -1.737263190004378621e-01 9.707615189358984598e-01
9.855522634654168002e-01 6.684715203180563448e-05 1.693715782227109556e-01 -2.948921639382705642e-02 9.847939317625182820e-01 1.712054265500902173e-01 -1.667846578515891631e-01 -1.737265307751771348e-01 9.705678597656887119e-01
9.853544472779095509e-01 6.764113417131240502e-05 1.705186460605473409e-01 -2.968945438696898170e-02 9.847937201927693396e-01 1.711720332504393371e-01 -1.679141135457330458e-01 -1.737277297772649443e-01 9.703728800716704406e-01
9.851551243708728256e-01 6.843852956911564839e-05 1.716664680185908953e-01 -2.988966043901922914e-02 9.847936818971582129e-01 1.711374076415759227e-01 -1.690443407057756475e-01 -1.737279465474869389e-01 9.701765877734543908e-01
9.849544643858600956e-01 6.924003356511391235e-05 1.728140569866387644e-01 -3.008983054693995657e-02 9.847936431369871402e-01 1.711025497607706891e-01 -1.701743376188663837e-01 -1.737281659455320593e-01 9.699789787274680775e-01
9.847524675951387918e-01 7.004652636589315975e-05 1.739614114071546536e-01 -3.028996532647518919e-02 9.847936038823524862e-01 1.710674596553336257e-01 -1.713041025947893425e-01 -1.737283881404890207e-01 9.697800532019111852e-01
9.845491342728865947e-01 7.085750904139057169e-05 1.751085297229206528e-01 -3.049023644833203164e-02 9.847933904162130547e-01 1.710331069526158099e-01 -1.724336036967109576e-01 -1.737295978575715549e-01 9.695796404341481267e-01
9.843444646949964794e-01 7.167386111007653085e-05 1.762554103770392899e-01 -3.069030079042388282e-02 9.847933501660522948e-01 1.709975523395480257e-01 -1.735629000152803525e-01 -1.737298256822379927e-01 9.693780827967510838e-01
9.841384591392154935e-01 7.249587082670014108e-05 1.774020518129356128e-01 -3.089032968187122377e-02 9.847933093903057378e-01 1.709617656443535305e-01 -1.746919596754128723e-01 -1.737300564796957214e-01 9.691752094953345331e-01
9.839312964330994005e-01 7.332334749096177534e-05 1.785474685431495123e-01 -3.109032754940152868e-02 9.847930943735522247e-01 1.709267469035636033e-01 -1.758197811179139924e-01 -1.737312749560385727e-01 9.689710257122232662e-01
9.837226209082812201e-01 7.415625758918305602e-05 1.796936270828533300e-01 -3.129028549948608545e-02 9.847930525483176156e-01 1.708904961837471315e-01 -1.769483629387476331e-01 -1.737315116880529808e-01 9.687655230755692903e-01
9.835126102495103106e-01 7.499480370209476510e-05 1.808395417379017323e-01 -3.149020718804167868e-02 9.847930101868791475e-01 1.708540135271031657e-01 -1.780767035056778358e-01 -1.737317514527634277e-01 9.685587056062766598e-01
9.833012647418185592e-01 7.583878180573919430e-05 1.819852109530308570e-01 -3.169027135271636209e-02 9.847927935595008897e-01 1.708182673336351154e-01 -1.792047696316456107e-01 -1.737329790274523278e-01 9.683504027672604764e-01
9.830885846720888166e-01 7.668749645348919147e-05 1.831306331733099646e-01 -3.189011975231677287e-02 9.847927501497687475e-01 1.707813207427502089e-01 -1.803326230874836289e-01 -1.737332247196347879e-01 9.681409565135153938e-01
9.828745703289312186e-01 7.754133391309088452e-05 1.842758068441436026e-01 -3.208993058738356802e-02 9.847927062095592765e-01 1.707441423632134747e-01 -1.814602307824375038e-01 -1.737334734119879986e-01 9.679301962748091404e-01
9.826594074230524667e-01 7.840010526442779790e-05 1.854197477519557158e-01 -3.228953268420478584e-02 9.847926617556701512e-01 1.707067644565319897e-01 -1.825866235024106443e-01 -1.737337250092960972e-01 9.677183049381588020e-01
9.824427265509730889e-01 7.926298812874828670e-05 1.865644198781446772e-01 -3.248945014985628321e-02 9.847924430493729675e-01 1.706700903550692205e-01 -1.837137030165413576e-01 -1.737349643285029666e-01 9.675047480471213879e-01
9.822247122820491061e-01 8.013038331809169818e-05 1.877088387944675363e-01 -3.268914606363312880e-02 9.847923975570722632e-01 1.706322168976996956e-01 -1.848405645741112435e-01 -1.737352217971785961e-01 9.672900487418492066e-01
9.820053649122031381e-01 8.100179291439537591e-05 1.888530029476904459e-01 -3.288880224991730383e-02 9.847923515580809806e-01 1.705941118540457990e-01 -1.859671744427404683e-01 -1.737354821313550346e-01 9.670740366064890514e-01
9.817846847391600296e-01 8.187681757985289916e-05 1.899969107849254213e-01 -3.308841804502288264e-02 9.847923050630219555e-01 1.705557752758246060e-01 -1.870935311626405750e-01 -1.737357452709329952e-01 9.668567119342180716e-01
9.815628632024501199e-01 8.275595781782702171e-05 1.911395791908612196e-01 -3.328801137306403035e-02 9.847920843307529370e-01 1.705182070581255371e-01 -1.882186331919207811e-01 -1.737369960340700292e-01 9.666380927360677111e-01
9.813395194669948252e-01 8.363495515092050697e-05 1.922829699621941280e-01 -3.348754349157911231e-02 9.847920369467414448e-01 1.704794075458603286e-01 -1.893444796216340043e-01 -1.737372641993714939e-01 9.664181450414361940e-01
9.811148438319263754e-01 8.451862898839545906e-05 1.934260997623026557e-01 -3.368703549321777624e-02 9.847919890238142626e-01 1.704403766547073762e-01 -1.904700681270776463e-01 -1.737375354122452920e-01 9.661968857000861055e-01
9.808888366020558358e-01 8.540824726310848624e-05 1.945689670397026116e-01 -3.388667998406272308e-02 9.847917667765934135e-01 1.704020804118701882e-01 -1.915953630679075315e-01 -1.737387947306733849e-01 9.659741446107187324e-01
9.806616937955938695e-01 8.629920993847813634e-05 1.957105895816664276e-01 -3.408591963783220991e-02 9.847917178528038384e-01 1.703626206976371349e-01 -1.927194655565450665e-01 -1.737390716015545511e-01 9.657504556533378359e-01
9.804330254408463174e-01 8.719618395371534826e-05 1.968529273892929421e-01 -3.428529014710471334e-02 9.847916683190341969e-01 1.703228959621757577e-01 -1.938442712706196225e-01 -1.737393519218913274e-01 9.655252643454357298e-01
9.802030264168291041e-01 8.809692348005199571e-05 1.979949980232352802e-01 -3.448481354421683437e-02 9.847914445254553062e-01 1.702839053589255136e-01 -1.949687786239362453e-01 -1.737406199724145506e-01 9.652985923192323181e-01
9.799718961719117161e-01 8.900241981570060780e-05 1.991358199616461988e-01 -3.468393148763133926e-02 9.847913939303379882e-01 1.702437527115251426e-01 -1.960920896155405602e-01 -1.737409062924183401e-01 9.650709765975246102e-01
9.797392378889866471e-01 8.991233567019194840e-05 2.002773518311037892e-01 -3.488317778483569082e-02 9.847913427704662048e-01 1.702033346088546450e-01 -1.972160988569122697e-01 -1.737411958060439132e-01 9.648418560735985139e-01
9.795052498787351070e-01 9.082217579216109334e-05 2.014186118791632951e-01 -3.508257569253767777e-02 9.847911174776533549e-01 1.701636501133304558e-01 -1.983398052403349265e-01 -1.737424723216720035e-01 9.646112558791645197e-01
