1.000000000000000000e+00 0.000000000000000000e+00 0.000000000000000000e+00 0.000000000000000000e+00 9.848077400232231327e-01 1.736482513311081999e-01 0.000000000000000000e+00 -1.736482513311081999e-01 9.848077400232231327e-01
9.999995002510089215e-01 4.838507581959512834e-08 9.997488334588101704e-04 -1.736522867214192818e-04 9.848077400148220750e-01 1.736481645505700000e-01 -9.845519872814178196e-04 -1.736482513787460380e-01 9.848072478665498286e-01
9.999980000206611930e-01 1.044687910641588317e-07 1.999988666686933377e-03 -3.473993861180155163e-04 9.848075663381923306e-01 1.736488888438778577e-01 -1.969585830654437420e-03 -1.736492363445230058e-01 9.848055967796993659e-01
9.999954995233436561e-01 1.965991152062919024e-07 3.000155499281987291e-03 -5.211683239153604846e-04 9.848075662720368051e-01 1.736484546344311264e-01 -2.954541696553022925e-03 -1.736492367196276476e-01 9.848031342710349412e-01
9.999919997706304686e-01 2.649678801792301687e-07 4.000049332861859916e-03 -6.948703948621515409e-04 9.848073925406656270e-01 1.736488317046494256e-01 -3.939232142166885012e-03 -1.736502219900254163e-01 9.847995140397587388e-01
9.999875011259574675e-01 3.328578395998007325e-07 4.999759169442580947e-03 -8.685370894100074559e-04 9.848073924357024778e-01 1.736480505140115260e-01 -4.923741990350296270e-03 -1.736502225851771775e-01 9.847950837412475789e-01
9.999820035337242397e-01 4.161345109145550882e-07 5.999384010503759287e-03 -1.042210086848197265e-03 9.848072186404154271e-01 1.736480806454938075e-01 -5.908164419980876936e-03 -1.736512082121972611e-01 9.847894960242166151e-01
9.999755078692361687e-01 5.018657079384386265e-07 6.998832860663968015e-03 -1.215856910612551477e-03 9.848070448122515641e-01 1.736479374485423166e-01 -6.892412758700300172e-03 -1.736521940198512970e-01 9.847829253995297183e-01
9.999680148086707021e-01 5.745166233881628182e-07 7.998084725486026211e-03 -1.389450738986168672e-03 9.848070446242137566e-01 1.736466362621679194e-01 -7.876470418280830110e-03 -1.736521950860156760e-01 9.847755461807315980e-01
9.999595242093038960e-01 6.472728000612485728e-07 8.997218608189510441e-03 -1.563033045291868693e-03 9.848068707581130177e-01 1.736461466180942159e-01 -8.860410306630235946e-03 -1.736531811030088135e-01 9.847670109330448618e-01
9.999500355096533344e-01 7.310734704615929161e-07 9.996323509603610713e-03 -1.736613321596391143e-03 9.848068705002643863e-01 1.736444988752798013e-01 -9.844321125114529475e-03 -1.736531825649657579e-01 9.847576663964817678e-01
9.999395478995035669e-01 8.213003476674419153e-07 1.099547842805445250e-02 -1.910219443120630359e-03 9.848066965473620815e-01 1.736436624157387254e-01 -1.082827817408977579e-02 -1.736541690682875116e-01 9.847471644828367232e-01
9.999280620491008964e-01 9.186969060726766849e-07 1.199461236911315148e-02 -2.083819141531588308e-03 9.848066962018683368e-01 1.736416678500478927e-01 -1.181221505538536908e-02 -1.736541710271220784e-01 9.847358531405101534e-01
9.999155752711732514e-01 1.030393002005803381e-06 1.299393431785949779e-02 -2.257478371268052588e-03 9.848065221355727372e-01 1.736404841926017240e-01 -1.279633234648950083e-02 -1.736551581674906919e-01 9.847233824380844380e-01
9.999020897772593619e-01 1.159816430995856622e-06 1.399324328826064869e-02 -2.431140998608066501e-03 9.848065216420452961e-01 1.736381423672255786e-01 -1.378043586083229841e-02 -1.736551609654917172e-01 9.847101018358319635e-01
9.998876025822999170e-01 1.302333604612130316e-06 1.499273825972734578e-02 -2.604848826955418091e-03 9.848065210694079141e-01 1.736356265913150121e-01 -1.476472027535482949e-02 -1.736551642119340821e-01 9.846958347518877108e-01
9.998721147003052367e-01 1.457793545791783980e-06 1.599231823766037244e-02 -2.778599919442094161e-03 9.848063467556023021e-01 1.736339217214544206e-01 -1.574908337737288694e-02 -1.736561527495047164e-01 9.846804085514311300e-01
9.998556258468740410e-01 1.626095199984980135e-06 1.699198221843311457e-02 -2.952363489579233006e-03 9.848063460054836682e-01 1.736310583310280153e-01 -1.673352957929474805e-02 -1.736561570019423961e-01 9.846641702241102356e-01
9.998381375377586311e-01 1.803148090763050163e-06 1.799162921402116741e-02 -3.126132737038340732e-03 9.848063451695074910e-01 1.736280213790032112e-01 -1.771795753286986921e-02 -1.736561617410273262e-01 9.846469476265274912e-01
9.998196478913095042e-01 1.986411681843630913e-06 1.899135820714231704e-02 -3.299941051830457706e-03 9.848061705947962485e-01 1.736257951672721678e-01 -1.870246185806209022e-02 -1.736571517515684560e-01 9.846285652803195010e-01
9.998001606243069883e-01 2.174725317386997441e-06 1.999096823268896317e-02 -3.473715972219867595e-03 9.848061695955181438e-01 1.736224110647812402e-01 -1.968685127068709254e-02 -1.736571574161977771e-01 9.846093740997856614e-01
9.997796697589269588e-01 2.368638002410490872e-06 2.099075823119899917e-02 -3.647548342372268580e-03 9.848059948526077800e-01 1.736198372694080783e-01 -2.067141330004196656e-02 -1.736581483741987675e-01 9.845890209500731682e-01
9.997581791139068530e-01 2.568698684766595267e-06 2.199052723895255496e-02 -3.821363446864884002e-03 9.848059936764145261e-01 1.736161052449248232e-01 -2.165595706156373673e-02 -1.736581550414826869e-01 9.845678568343251280e-01
9.997356864116990760e-01 2.775766133329215483e-06 2.299037422974945996e-02 -3.995221647656733120e-03 9.848058187439406863e-01 1.736131837507242370e-01 -2.264057240696225673e-02 -1.736591470679611782e-01 9.845455322740097603e-01
9.997121937738739916e-01 2.987619896858241477e-06 2.399019822557574635e-02 -4.169058926275444159e-03 9.848058173781261138e-01 1.736091040408600239e-01 -2.362516809458788461e-02 -1.736591548098603277e-01 9.845223965879229544e-01
9.996877037229174867e-01 3.205188718810363810e-06 2.498989825763728301e-02 -4.342904930035748796e-03 9.848056422541844324e-01 1.736058356193476704e-01 -2.460963636401336183e-02 -1.736601479155481520e-01 9.844981050382884957e-01
9.996622139842795685e-01 3.426742103330134159e-06 2.598957329980264297e-02 -4.516752502186300103e-03 9.848054670355497198e-01 1.736023935426201648e-01 -2.559407898093560632e-02 -1.736611415520185053e-01 9.844728289983261105e-01
9.996357272823716000e-01 3.650369785333262364e-06 2.698912238882427220e-02 -4.690582228189119941e-03 9.848052917291605368e-01 1.735987782808501578e-01 -2.657839684790509402e-02 -1.736621356799402383e-01 9.844465711515670847e-01
9.996082439435481914e-01 3.873411972723560809e-06 2.798854453329906178e-02 -4.864363753326886135e-03 9.848052900095177753e-01 1.735940054683477451e-01 -2.756259431496071305e-02 -1.736621454268779674e-01 9.844195054144156964e-01
9.995797642951113060e-01 4.095308281732914170e-06 2.898783874244966266e-02 -5.038150494788390735e-03 9.848051145554740371e-01 1.735900440260662592e-01 -2.854666094872881921e-02 -1.736631403856564171e-01 9.843912849167602008e-01
9.995502856666022007e-01 4.317117656838038538e-06 2.998710398115402714e-02 -5.211904573625808154e-03 9.848051126873194061e-01 1.735849246784750000e-01 -2.953070392878346523e-02 -1.736631509741745072e-01 9.843622542129455422e-01
9.995198111860902346e-01 4.543377272966335970e-06 3.098623929876550415e-02 -5.385671006667175353e-03 9.848049370544299519e-01 1.735806167203821360e-01 -3.051461279994523157e-02 -1.736641469405184324e-01 9.843320692089085888e-01
9.994883411837831577e-01 4.769838220900755796e-06 3.198524370609033551e-02 -5.559385391258574172e-03 9.848049350054172146e-01 1.735751515138257151e-01 -3.149839792371683656e-02 -1.736641585538729882e-01 9.843010773955368498e-01
9.994558759908290790e-01 4.994860696775830475e-06 3.298411621456393689e-02 -5.733075471343122322e-03 9.848049328859413976e-01 1.735695134784802085e-01 -3.248205339944470332e-02 -1.736641705665500912e-01 9.842691055135216471e-01
9.994224159393193530e-01 5.217914474097481038e-06 3.398285583625169914e-02 -5.906774018980895033e-03 9.848047570352141955e-01 1.735646869080844368e-01 -3.346557243949054711e-02 -1.736651677613736400e-01 9.842359803257099138e-01
9.993879578641374772e-01 5.439348850561692663e-06 3.498156152264579599e-02 -6.080432615507292034e-03 9.848047547813832958e-01 1.735587027469029930e-01 -3.444906407084877970e-02 -1.736651805353998934e-01 9.842020458494534774e-01
9.993525089957178142e-01 5.659633064255955219e-06 3.598003240593724422e-02 -6.254084754445951057e-03 9.848045787921950733e-01 1.735535306866771155e-01 -3.543231840915786468e-02 -1.736661785089305132e-01 9.841669620822761644e-01
9.993160588749954165e-01 5.880155567378934072e-06 3.697856730554026361e-02 -6.427713817827378565e-03 9.848045763903841010e-01 1.735472005410406138e-01 -3.641564182631842200e-02 -1.736661921214944504e-01 9.841310658364552655e-01
9.992786148342052144e-01 6.102444609076126814e-06 3.797696535785979183e-02 -6.601320878290926029e-03 9.848045739002475596e-01 1.735406977853140020e-01 -3.739883016477591610e-02 -1.736662062345809832e-01 9.840941907736241445e-01
9.992401733126994312e-01 6.328907470598740352e-06 3.897532550154488712e-02 -6.774963873469861710e-03 9.848043976377192088e-01 1.735350058573833232e-01 -3.838197366628797597e-02 -1.736672057509817124e-01 9.840561598527426401e-01
9.992007343488370497e-01 6.561101742085784454e-06 3.997364674003173884e-02 -6.948568385746789998e-03 9.848043949231891636e-01 1.735281566125796426e-01 -3.936508445479961621e-02 -1.736672211354903794e-01 9.840173201874767850e-01
9.991602938847741200e-01 6.800514767152376397e-06 4.097202799282494839e-02 -7.122230808606480612e-03 9.848042184085046280e-01 1.735221174177034309e-01 -4.034824596436342725e-02 -1.736682220746424143e-01 9.839773207188425852e-01
9.991188558584165325e-01 7.046065924910004580e-06 4.197036833912259207e-02 -7.295852838479102362e-03 9.848042154333276343e-01 1.735149209610151455e-01 -4.133137306608535705e-02 -1.736682389359120449e-01 9.839365123753519571e-01
9.990764160142517891e-01 7.298852664963568517e-06 4.296876668982293340e-02 -7.469534415935156872e-03 9.848040386496451637e-01 1.735085344153349252e-01 -4.231454855870315362e-02 -1.736692413931582024e-01 9.838945439294792816e-01
9.990329784918500211e-01 7.559213002892199207e-06 4.396712213189537394e-02 -7.643174704483789855e-03 9.848040353886757803e-01 1.735009906675360480e-01 -4.329768776897265775e-02 -1.736692598735826432e-01 9.838517664815278341e-01
9.989885388380330689e-01 7.827235040122372805e-06 4.496553356723587136e-02 -7.816876581190217860e-03 9.848038583071202501e-01 1.734942566885819271e-01 -4.428087296752700880e-02 -1.736702640124195007e-01 9.838078286368178160e-01
9.989430967976710152e-01 8.101248705449292116e-06 4.596399998529891034e-02 -7.990550647423513148e-03 9.848038547538280341e-01 1.734863647735808700e-01 -4.526411890923923154e-02 -1.736702841489319860e-01 9.837630771395109441e-01
9.988966568128486712e-01 8.382960501434727599e-06 4.696242048531829028e-02 -8.164270608768609688e-03 9.848036773712857128e-01 1.734792832629286075e-01 -4.624731012221864473e-02 -1.736712899869135018e-01 9.837171693839346087e-01
9.988492141338599639e-01 8.673387289243669136e-06 4.796089395479342932e-02 -8.337963132130652225e-03 9.848036734883865995e-01 1.734710438505127628e-01 -4.723055996892074060e-02 -1.736713119906441172e-01 9.836704476583967294e-01
9.988007734044980213e-01 8.972357191834495261e-06 4.895931950173964403e-02 -8.511704005962687086e-03 9.848034957595586114e-01 1.734636147284728536e-01 -4.821375261781120358e-02 -1.736723197842707234e-01 9.836225695861490204e-01
9.987513296773553595e-01 9.282834308873703287e-06 4.995779600366327677e-02 -8.685417883012646473e-03 9.848034914980084986e-01 1.734550277435892851e-01 -4.919700177767027255e-02 -1.736723439329384555e-01 9.835738772298332488e-01
9.987008827023149404e-01 9.602469039443356518e-06 5.095632244785377324e-02 -8.859199683962684993e-03 9.848033133738586242e-01 1.734472500468927370e-01 -5.018028966214457126e-02 -1.736733539598468434e-01 9.835240234248275870e-01
9.986494426212289000e-01 9.927993542190605429e-06 5.195469809116255028e-02 -9.032911947622811188e-03 9.848033087578813571e-01 1.734383163008551276e-01 -5.116343669120945736e-02 -1.736733801161361723e-01 9.834733650612916822e-01
9.985970097850309646e-01 1.025768834457359983e-05 5.295292195124498558e-02 -9.206654152950943457e-03 9.848031303161082217e-01 1.734301935618547674e-01 -5.214642430409552332e-02 -1.736743919361005972e-01 9.834215555995927671e-01
9.985435791504971847e-01 1.058905538549837748e-05 5.395109290076373354e-02 -9.380337699524458200e-03 9.848031254174061111e-01 1.734209140581133568e-01 -5.312936854469299530e-02 -1.736744196938068696e-01 9.833689369418080473e-01
9.984891562659461428e-01 1.092057575143171990e-05 5.494911009343095981e-02 -9.554048851667563610e-03 9.848029467267888082e-01 1.734124455417589694e-01 -5.411215177627776152e-02 -1.736754329171935618e-01 9.833151677011630065e-01
9.984337414851605086e-01 1.125144967664670602e-05 5.594697254855415802e-02 -9.727679409544364927e-03 9.848029416018145854e-01 1.734028213891513348e-01 -5.509479210641346492e-02 -1.736754619565402946e-01 9.832605950595871835e-01
9.983773351628533188e-01 1.158117708840855287e-05 5.694467928609244639e-02 -9.901281839908755017e-03 9.848029363728635355e-01 1.733930250307443577e-01 -5.607727927642604943e-02 -1.736754915849152980e-01 9.832050459449909185e-01
9.983199318604361050e-01 1.190985695566683253e-05 5.794232915865082933e-02 -1.007493046915703544e-02 9.848027573633086895e-01 1.733840386704203484e-01 -5.705970054439282041e-02 -1.736765066086356779e-01 9.831483416178886658e-01
9.982615375292114290e-01 1.223818731995248118e-05 5.893982134382227261e-02 -1.024849533920054769e-02 9.848027519187189105e-01 1.733738969874085989e-01 -5.804197647476609656e-02 -1.736765374584171018e-01 9.830908347163845873e-01
9.982021525267479323e-01 1.256457013494824854e-05 5.993715486322830771e-02 -1.042208980579975401e-02 9.848025727029096066e-01 1.733645662810314181e-01 -5.902408605854798929e-02 -1.736775536442803358e-01 9.830321788350019352e-01
9.981417711181008734e-01 1.288800654939314614e-05 6.093442855332276836e-02 -1.059561298353360083e-02 9.848025670813618238e-01 1.733540794312701250e-01 -6.000614747443702018e-02 -1.736775854963996946e-01 9.829727150645722888e-01
9.980803995566850384e-01 1.320999332106390817e-05 6.193154161058670587e-02 -1.076910688434359539e-02 9.848025613626431030e-01 1.733434206149488399e-01 -6.098805094181432990e-02 -1.736776178990072361e-01 9.829122761891038174e-01
9.980180319100129260e-01 1.353182709008751416e-05 6.292859286011533160e-02 -1.094265192198847284e-02 9.848023818549082042e-01 1.733335716525045422e-01 -6.196988261549883636e-02 -1.736786357321745689e-01 9.828506830332021105e-01
9.979546682403037661e-01 1.385520343287129757e-05 6.392558130685056794e-02 -1.111612663981822319e-02 9.848023758955772866e-01 1.733225667908072642e-01 -6.295166293206995445e-02 -1.736786694976089063e-01 9.827882823353295549e-01
9.978903086107575593e-01 1.418261580111620741e-05 6.492250595579704409e-02 -1.128965824844970975e-02 9.848021960982998868e-01 1.733123716778435519e-01 -6.393336841869277920e-02 -1.736796889645394748e-01 9.827247275019697081e-01
9.978249596774996233e-01 1.451635751441236643e-05 6.591926602952738468e-02 -1.146316953984830023e-02 9.848020161129833472e-01 1.733020046159420013e-01 -6.491491037270968878e-02 -1.736807094903710103e-01 9.826601984217251395e-01
9.977586084215305240e-01 1.485872097357270215e-05 6.691606010480098676e-02 -1.163663137103866999e-02 9.848020095902838555e-01 1.732904807462683772e-01 -6.589649559017143887e-02 -1.736807464463366313e-01 9.825948555649870464e-01
9.976912546100293877e-01 1.520920456295529586e-05 6.791288716691104566e-02 -1.181017388485427859e-02 9.848018291701176041e-01 1.732797652814662692e-01 -6.687810005880101549e-02 -1.736817694286612312e-01 9.825283521103370665e-01
9.976229049021294593e-01 1.556860376829501100e-05 6.890964643832778180e-02 -1.198364759145474114e-02 9.848018222014115475e-01 1.732678942539075673e-01 -6.785964784052880838e-02 -1.736818089104269214e-01 9.824610411861436354e-01
9.975535593660509459e-01 1.593671615507598105e-05 6.990633692408532163e-02 -1.215711801756278777e-02 9.848018150006899729e-01 1.732558502702108705e-01 -6.884112635358101417e-02 -1.736818497062020406e-01 9.823927495686247680e-01
9.974832180710032636e-01 1.631363853636216672e-05 7.090295762928654211e-02 -1.233065491139230009e-02 9.848016338797722646e-01 1.732446156657891645e-01 -6.982252227019129787e-02 -1.736828766505093269e-01 9.823233040818244444e-01
9.974118667072396915e-01 1.670116300364025698e-05 7.189970704147871650e-02 -1.250415585552847389e-02 9.848016261756808998e-01 1.732322232382735305e-01 -7.080405523640551091e-02 -1.736829202967451746e-01 9.822530371341563482e-01
9.973395193272742709e-01 1.709769058335822468e-05 7.289638465459417904e-02 -1.267772507667659990e-02 9.848014445379017490e-01 1.732206400026919668e-01 -7.178550323652946319e-02 -1.736839501615822512e-01 9.821816160880569857e-01
9.972661760033665335e-01 1.750182193742070701e-05 7.389298947335026790e-02 -1.285121843362012177e-02 9.848014363465770193e-01 1.732079015359583030e-01 -7.276689071544700793e-02 -1.736839965667680008e-01 9.821093874677102598e-01
9.971918293197766792e-01 1.791435177729111574e-05 7.488962022172031274e-02 -1.302479841319279311e-02 9.848012542190370811e-01 1.731959708391254127e-01 -7.374828922878949589e-02 -1.736850291985106154e-01 9.820359975419126197e-01
9.971164942290765554e-01 1.833098963197245872e-05 7.588607645866790596e-02 -1.319827945225129570e-02 9.848012455772690021e-01 1.731828863628263604e-01 -7.472952800477368485e-02 -1.736850781542103872e-01 9.819618074399582008e-01
9.970401634172130212e-01 1.875033731543455820e-05 7.688245691574865925e-02 -1.337182579770527201e-02 9.848010630674136623e-01 1.731706108325767046e-01 -7.571067829449767972e-02 -1.736861129443478535e-01 9.818864635804234187e-01
9.969628369604277562e-01 1.917129626826099897e-05 7.787876059797665951e-02 -1.354528575317807959e-02 9.848010540741235497e-01 1.731571804123637481e-01 -7.669176587926707089e-02 -1.736861638903817173e-01 9.818103123920440822e-01
9.968845228234304301e-01 1.959386498706999782e-05 7.887488682199071677e-02 -1.371871656103270005e-02 9.848010449113041576e-01 1.731435784472568906e-01 -7.767267840765784692e-02 -1.736862157964292885e-01 9.817331885351013865e-01
9.968052133961812222e-01 2.001684549289929128e-05 7.987093429727386285e-02 -1.389221283733997267e-02 9.848008619076757952e-01 1.731307852705027961e-01 -7.865349940514781979e-02 -1.736872533757869153e-01 9.816549113849019070e-01
9.967249168445759810e-01 2.043884114767968989e-05 8.086680235688041563e-02 -1.406559939271675823e-02 9.848008524565142752e-01 1.731168389113156847e-01 -7.963415758891780050e-02 -1.736873069143988757e-01 9.815758352577383938e-01
9.966436335475283848e-01 2.085985091755914307e-05 8.186249003082309017e-02 -1.423895373136164350e-02 9.848008428716229501e-01 1.731027211686091694e-01 -8.061463828496739925e-02 -1.736873612103302378e-01 9.814957873826949397e-01
9.965613555990512351e-01 2.128037187842552760e-05 8.285809600592565494e-02 -1.441237508119385356e-02 9.848006594580286377e-01 1.730894120839016059e-01 -8.159502418101487187e-02 -1.736884011043267340e-01 9.814145868850340237e-01
9.964780830812586254e-01 2.170040286649929100e-05 8.385361928857242020e-02 -1.458570105989258001e-02 9.848006495917230874e-01 1.730749487601012382e-01 -8.257534294988896906e-02 -1.736884569935858991e-01 9.813325800379275599e-01
9.963938245621557499e-01 2.212004254829622748e-05 8.484895924584819060e-02 -1.475907845744802750e-02 9.848004658949847112e-01 1.730612954305730256e-01 -8.355546647279747663e-02 -1.736894984842920764e-01 9.812494291151400150e-01
9.963085804244004029e-01 2.254008680393500925e-05 8.584411490987914339e-02 -1.493234176260276221e-02 9.848004557340223064e-01 1.730464895788027535e-01 -8.453542300243653551e-02 -1.736895560418252604e-01 9.811654806299459075e-01
9.962223336836836252e-01 2.296302441770908616e-05 8.683928455793842038e-02 -1.510569596639100079e-02 9.848002716910027043e-01 1.730324906677877250e-01 -8.551537767680179869e-02 -1.736905994866348446e-01 9.810803717488019160e-01
9.961351016943889025e-01 2.338855489751092621e-05 8.783426794415191696e-02 -1.527893594215377036e-02 9.848002611499182546e-01 1.730173394649466012e-01 -8.649516338377040425e-02 -1.736906591962518454e-01 9.809944656414664177e-01
9.960468759590805909e-01 2.381826973997424110e-05 8.882916370678052564e-02 -1.545216493333105567e-02 9.848002503942253627e-01 1.730020156597728287e-01 -8.747486205207254117e-02 -1.736907201210277085e-01 9.809075808927208984e-01
9.959576475833459286e-01 2.425296306415501929e-05 8.982407044908011229e-02 -1.562548930858989951e-02 9.848000657175172146e-01 1.729874985270345722e-01 -8.845455502185665952e-02 -1.736917671467690105e-01 9.808195357563580519e-01
9.958674254396030490e-01 2.469382744648907898e-05 9.081888756482096869e-02 -1.579871684602576071e-02 9.848000544811018608e-01 1.729718278796809894e-01 -8.943417408527798429e-02 -1.736918307930276906e-01 9.807306849596633125e-01
9.957762096178243150e-01 2.514255267722534615e-05 9.181361406137344972e-02 -1.597202693593779976e-02 9.847998692709768465e-01 1.729569652816116687e-01 -9.041368654532601357e-02 -1.736928808319989914e-01 9.806406826323107451e-01
9.956840002089966113e-01 2.559983219821435207e-05 9.280824894619833787e-02 -1.614524024733944227e-02 9.847998574564191809e-01 1.729409493762890382e-01 -9.139312307371175170e-02 -1.736929477510963105e-01 9.805498747928982350e-01
9.955907879248226955e-01 2.606596066093072318e-05 9.380289078592714269e-02 -1.631855600249030105e-02 9.847996716417541929e-01 1.729257397390178697e-01 -9.237254856949908555e-02 -1.736940012057372473e-01 9.804579063967595598e-01
9.954965820396722842e-01 2.654093438004821487e-05 9.479743901028490904e-02 -1.649177296751326918e-02 9.847996592097162383e-01 1.729093769719115548e-01 -9.335189645485451881e-02 -1.736940716202064749e-01 9.803651324441707837e-01
9.954013826475479609e-01 2.702484892510619032e-05 9.579189262671163052e-02 -1.666498246160353497e-02 9.847996464605498490e-01 1.728928416410884517e-01 -9.433114958964698704e-02 -1.736941438299909601e-01 9.802713800862810078e-01
9.953051801648399310e-01 2.751680420095594583e-05 9.678635017326020495e-02 -1.683829602406806958e-02 9.847994597095213187e-01 1.728771122585077702e-01 -9.531038833223434703e-02 -1.736952025781377806e-01 9.801764670085170161e-01
9.952079939454073765e-01 2.801550312016104721e-05 9.778061158680471932e-02 -1.701148798365359135e-02 9.847994463648065411e-01 1.728602317369516972e-01 -9.628944938953588883e-02 -1.736952781589131689e-01 9.800807580406615260e-01
9.951098046296121824e-01 2.851895140966847952e-05 9.877487492619022036e-02 -1.718478237175427928e-02 9.847992590657711487e-01 1.728441569690553625e-01 -9.726849430751230430e-02 -1.736963400022505100e-01 9.799838883802999279e-01
9.950106319710438907e-01 2.902525615133379750e-05 9.976894016736100046e-02 -1.735794901641973462e-02 9.847992452354794590e-01 1.728269313202472901e-01 -9.824736062880939924e-02 -1.736964183314227417e-01 9.798862231852777382e-01
9.949104864431408402e-01 2.953531067342197319e-05 1.007627068569426632e-01 -1.753106764530645498e-02 9.847992311613947836e-01 1.728095366903732166e-01 -9.922593225910465720e-02 -1.736964980406662806e-01 9.797875999091436583e-01
9.948093280395855498e-01 3.004672354858034728e-05 1.017565719873789465e-01 -1.770420484992377488e-02 9.847992168819792447e-01 1.727919661305822030e-01 -1.002046005733277928e-01 -1.736965789122938975e-01 9.796879791536207138e-01
9.947071768152221383e-01 3.055551453773842007e-05 1.027503355646630784e-01 -1.787742313656560597e-02 9.847990287718508817e-01 1.727752027115448397e-01 -1.011831514348437433e-01 -1.736976453391920749e-01 9.795872078938830940e-01
9.946040328719084611e-01 3.106466668959621531e-05 1.037439965970180927e-01 -1.805052389951104092e-02 9.847990141724124458e-01 1.727572871748039585e-01 -1.021616189275052489e-01 -1.736977280220757258e-01 9.794856317976696758e-01
9.944998963126857605e-01 3.157089646899983418e-05 1.047375540927693860e-01 -1.822370706124231549e-02 9.847988257482002128e-01 1.727401786091238567e-01 -1.031399667200029874e-01 -1.736987962199061375e-01 9.793829054342086948e-01
9.943948729719805923e-01 3.207470383627141527e-05 1.057300126655250083e-01 -1.839659491831286894e-02 9.847988108935974427e-01 1.727219365279577812e-01 -1.041172507438138800e-01 -1.736988803469088072e-01 9.792794785268299496e-01
9.942887524870204219e-01 3.257677726926625124e-05 1.067233602195802183e-01 -1.856963561176560099e-02 9.847987958875573655e-01 1.727035038777829101e-01 -1.050954105137372058e-01 -1.736989653313188720e-01 9.791749711526425148e-01
9.941816397007431361e-01 3.307801385567302855e-05 1.077166012636240761e-01 -1.874276318899278232e-02 9.847986070200156483e-01 1.726858779387530352e-01 -1.060734467714843088e-01 -1.737000360313191716e-01 9.790693138755475200e-01
9.940736434292093415e-01 3.358070235409130937e-05 1.087087407328114624e-01 -1.891559590678148703e-02 9.847985916526970085e-01 1.726671193665886839e-01 -1.070504164908691186e-01 -1.737001230604079405e-01 9.789629592471467134e-01
9.939645473546812049e-01 3.408990269753516163e-05 1.097017658922700006e-01 -1.908869709226358041e-02 9.847984022757133582e-01 1.726491486180050383e-01 -1.080282381848546303e-01 -1.737011966368704197e-01 9.788553488854191409e-01
9.938544593020820495e-01 3.460700614134482050e-05 1.106946815692655961e-01 -1.926168018736521340e-02 9.847983862657198051e-01 1.726300266025398433e-01 -1.090059695692196656e-01 -1.737012873032006965e-01 9.787469342927646032e-01
9.937434910682717559e-01 3.513161490567446037e-05 1.116864930294316216e-01 -1.943458904831192602e-02 9.847981962299374725e-01 1.726117303394663904e-01 -1.099825927497932454e-01 -1.737023646011506273e-01 9.786374802877733092e-01
9.936314203827779634e-01 3.566461131339895900e-05 1.126791868808904445e-01 -1.960755064257403701e-02 9.847981795382984016e-01 1.725922638354685790e-01 -1.109601026761512371e-01 -1.737024591250469208e-01 9.785271132206860845e-01
9.935183580515749568e-01 3.620718694584594360e-05 1.136717682784174344e-01 -1.978050235476911875e-02 9.847981624668730172e-01 1.725726250842331833e-01 -1.119375001556475180e-01 -1.737025557984393787e-01 9.784157695826424250e-01
9.934043041874609514e-01 3.675993288893121623e-05 1.146642362314154451e-01 -1.995355751848432516e-02 9.847979712954957332e-01 1.725537924087229003e-01 -1.129147641550167364e-01 -1.737036395156515978e-01 9.783032769314603527e-01
9.932893745603753599e-01 3.732185497729528469e-05 1.156555964600831099e-01 -2.012631759067751505e-02 9.847979534516124733e-01 1.725338291980873240e-01 -1.138909554165634108e-01 -1.737037405601696283e-01 9.781900944037962287e-01
9.931733389651772326e-01 3.789274105459259761e-05 1.166478346687216533e-01 -2.029923922764548250e-02 9.847979352185328716e-01 1.725136738815022386e-01 -1.148680097134971018e-01 -1.737038438073684743e-01 9.780758227208181665e-01
9.930563121814557359e-01 3.847100155315519234e-05 1.176399564627142319e-01 -2.047226397283975069e-02 9.847977429262244620e-01 1.724943243566011142e-01 -1.158449275730000505e-01 -1.737049338602562054e-01 9.779604024234367365e-01
9.929382943261702010e-01 3.905206454832508422e-05 1.186319608519223884e-01 -2.064515641114934852e-02 9.847977240745309224e-01 1.724738246064695946e-01 -1.168217495905406050e-01 -1.737050406078082809e-01 9.778441786348398557e-01
9.928192855171293907e-01 3.963513297361390012e-05 1.196238468463248217e-01 -2.081803045076819486e-02 9.847977049742573374e-01 1.724531527273029941e-01 -1.177984546308126629e-01 -1.737051487621821821e-01 9.777269789568561187e-01
9.926994064882858071e-01 4.021852158629336197e-05 1.206146207566714118e-01 -2.099083058732813256e-02 9.847975119612261130e-01 1.724333072994675142e-01 -1.187740434146250523e-01 -1.737062428856517016e-01 9.776087498552228361e-01
9.925784171208270612e-01 4.080182175772612029e-05 1.216062671128620154e-01 -2.116366456899915552e-02 9.847974924412075115e-01 1.724122912773933813e-01 -1.197505121823046331e-01 -1.737063534149548283e-01 9.774895997479228216e-01
9.924564371588057154e-01 4.138612817301765012e-05 1.225977921058865189e-01 -2.133647865145574599e-02 9.847974726919670463e-01 1.723911031876944611e-01 -1.207268612231998245e-01 -1.737064652415181154e-01 9.773694741051059953e-01
9.923335903126665469e-01 4.197114616073776411e-05 1.235882024126726680e-01 -2.150922169972140779e-02 9.847972790196002357e-01 1.723707417674587850e-01 -1.217020908573270693e-01 -1.737075630881241284e-01 9.772483223863525081e-01
9.922096305190156729e-01 4.255686328868750164e-05 1.245794818348188032e-01 -2.168199587487501176e-02 9.847972588232335456e-01 1.723492096562304621e-01 -1.226781975747951170e-01 -1.737076774444893945e-01 9.771262470308741399e-01
9.920846804988634471e-01 4.314318336192306751e-05 1.255706369265278122e-01 -2.185474924135269101e-02 9.847972384048628847e-01 1.723275055403328260e-01 -1.236541817128144483e-01 -1.737077930572534235e-01 9.770031965025051113e-01
9.919588669380489110e-01 4.373080426495444268e-05 1.265606747398214660e-01 -2.202743464010444019e-02 9.847970440478943654e-01 1.723066283046171265e-01 -1.246290432690472516e-01 -1.737088947698025021e-01 9.768791232551218284e-01
9.918319378307982603e-01 4.432020853785582980e-05 1.275515783301898465e-01 -2.220014874268412888e-02 9.847970231420939413e-01 1.722845802916575797e-01 -1.256047789481201937e-01 -1.737090131403348225e-01 9.767541237482465499e-01
9.917041474157201053e-01 4.491279331094293758e-05 1.285413629198819130e-01 -2.237267181933420834e-02 9.847970019621608007e-01 1.722623826666868641e-01 -1.265794120468418382e-01 -1.737091330620836593e-01 9.766282760276271402e-01
9.915752397273295271e-01 4.551013049467324354e-05 1.295320110571785144e-01 -2.254547737599013266e-02 9.847968067450619811e-01 1.722409674688854531e-01 -1.275548721514694339e-01 -1.737102396335833687e-01 9.765011557785610030e-01
9.914454729673152222e-01 4.611371529371961780e-05 1.305215384760005370e-01 -2.271796808069307880e-02 9.847967848892583698e-01 1.722184264185003810e-01 -1.285292498184807675e-01 -1.737103633791176049e-01 9.763733617811342080e-01
9.913145872116140289e-01 4.672372960510310605e-05 1.315119272095130187e-01 -2.289074450211751877e-02 9.847965889503327297e-01 1.721966672381552710e-01 -1.295044516516939415e-01 -1.737114740271415991e-01 9.762442936036613839e-01
9.911827121223347747e-01 4.734057137757076319e-05 1.325021846940015180e-01 -2.306337658767997414e-02 9.847965663453809304e-01 1.721737598321027018e-01 -1.304795457157475191e-01 -1.737116020109711334e-01 9.761144233524029490e-01
9.910499813228896837e-01 4.796424240352543781e-05 1.334913188912724702e-01 -2.323582054425705687e-02 9.847965433682528413e-01 1.721507037847249399e-01 -1.314535323357080010e-01 -1.737117321005477721e-01 9.759837104004823738e-01
9.909161289521700722e-01 4.859591428535363464e-05 1.344813110468642547e-01 -2.340842170659258523e-02 9.847965199706800732e-01 1.721274529145320198e-01 -1.324283624290985006e-01 -1.737118645691054508e-01 9.758518929285694421e-01
9.907814231161368168e-01 4.923500037757953780e-05 1.354701782086276951e-01 -2.358096843644322607e-02 9.847963224668505600e-01 1.721050295121156204e-01 -1.334020597125924468e-01 -1.737129840618756305e-01 9.757190628622340878e-01
9.906455939977831804e-01 4.988029353921364409e-05 1.364599010872264429e-01 -2.375353778254986684e-02 9.847962982891903527e-01 1.720814351367428441e-01 -1.343766219831123987e-01 -1.737131209433080692e-01 9.755852987189501668e-01
9.905089136625682134e-01 5.052972271452404665e-05 1.374484972698725438e-01 -2.392591574749190417e-02 9.847962737894955243e-01 1.720576928997034627e-01 -1.353500739218229942e-01 -1.737132596466713641e-01 9.754506963000668662e-01
9.903711083385439151e-01 5.118227988739119618e-05 1.384379469244557959e-01 -2.409858163857162699e-02 9.847960752583095889e-01 1.720347305599628229e-01 -1.363243416682923537e-01 -1.737143849432283838e-01 9.753148139613704304e-01
9.902323146227220985e-01 5.183638418352464340e-05 1.394272584178410934e-01 -2.427108995258566923e-02 9.847960501690699031e-01 1.720106210787930578e-01 -1.372984969671542377e-01 -1.737145269814470705e-01 9.751781303157759373e-01
9.900926730695411848e-01 5.249223834364709015e-05 1.404154406700903746e-01 -2.444340407869583301e-02 9.847960248113800663e-01 1.719863643221443417e-01 -1.382715398448153277e-01 -1.737146705384109979e-01 9.750406117227502500e-01
9.899519039756394800e-01 5.315022078995088820e-05 1.414044730199867927e-01 -2.461600748190077154e-02 9.847958254409857615e-01 1.719628866053909411e-01 -1.392453948633747551e-01 -1.737158005739879718e-01 9.749018107687981161e-01
9.898102893011436754e-01 5.381014560160746635e-05 1.423923744378698952e-01 -2.478827832780071058e-02 9.847957995104825724e-01 1.719382869638200195e-01 -1.402181602044820785e-01 -1.737159473709240787e-01 9.747623490768878574e-01
9.896675453905067199e-01 5.447248935435670161e-05 1.433811237000088556e-01 -2.496069911023009527e-02 9.847957732725685087e-01 1.719134911646329755e-01 -1.411917600310227117e-01 -1.737160959071774868e-01 9.746217753170255405e-01
9.895239581593893163e-01 5.513736348205939679e-05 1.443687403437673711e-01 -2.513306806905411805e-02 9.847955730254653872e-01 1.718895233540471135e-01 -1.421642188386770811e-01 -1.737172308935309994e-01 9.744801991691121046e-01
9.893792400012397792e-01 5.580445202258785416e-05 1.453572025750091978e-01 -2.530544518451209590e-02 9.847955461896623630e-01 1.718643844693200085e-01 -1.431375349046600798e-01 -1.737173828114726148e-01 9.743376812022357392e-01
9.892336807860904191e-01 5.647455951048679869e-05 1.463445305060203649e-01 -2.547762851126125078e-02 9.847955190462295283e-01 1.718390994852727893e-01 -1.441097333418030202e-01 -1.737175364696708912e-01 9.741943349655977080e-01
9.890871362896832553e-01 5.714757553285103222e-05 1.473317126773058539e-01 -2.564978966950937772e-02 9.847954915865111403e-01 1.718136433488093306e-01 -1.450817876791691829e-01 -1.737176919171923017e-01 9.740500184275856510e-01
9.889394583386938997e-01 5.782408134652709667e-05 1.483197370451625474e-01 -2.582224692199651742e-02 9.847952900650370767e-01 1.717889642253506710e-01 -1.460546449267190738e-01 -1.737188341029693439e-01 9.739044138791213001e-01
9.887909427316113886e-01 5.850478256781617989e-05 1.493066245989158602e-01 -2.599436604794955891e-02 9.847952619182074319e-01 1.717631655425991832e-01 -1.470264075113595637e-01 -1.737189934366404898e-01 9.737581562244621569e-01
9.886412919903019292e-01 5.918936103740254852e-05 1.502943520840551161e-01 -2.616663521474342502e-02 9.847952334132190622e-01 1.717371696754717569e-01 -1.479989965279661368e-01 -1.737191547965358240e-01 9.736107806939547915e-01
9.884908058647445817e-01 5.987852258206073245e-05 1.512809410845611102e-01 -2.633886041095701014e-02 9.847950308301648414e-01 1.717120021561307497e-01 -1.489704371783879544e-01 -1.737203029780269026e-01 9.734624107689534567e-01
9.883393351976649255e-01 6.057274824783338520e-05 1.522673794086571719e-01 -2.651091675186056928e-02 9.847950015826176795e-01 1.716856900002680930e-01 -1.499417546716514393e-01 -1.737204685373442137e-01 9.733132430092338305e-01
9.881867268857883468e-01 6.127152989234581207e-05 1.532546542606522955e-01 -2.668312323256182006e-02 9.847949719509075939e-01 1.716591802228095431e-01 -1.509138951233728043e-01 -1.737206362698764106e-01 9.731629549015319292e-01
9.880332866031116268e-01 6.197527721341949860e-05 1.542407881311504692e-01 -2.685513673129294107e-02 9.847949419429962159e-01 1.716325259227820255e-01 -1.518849110194853969e-01 -1.737208061302845385e-01 9.730118474726024980e-01
9.878788622345905379e-01 6.268377874161251847e-05 1.552267683772194651e-01 -2.702728142191385130e-02 9.847947378296291188e-01 1.716066735357715256e-01 -1.528557477134299125e-01 -1.737219629575261493e-01 9.728595993138744458e-01
9.877232977209339237e-01 6.339701995127734117e-05 1.562135817401969495e-01 -2.719942397268369783e-02 9.847947070399982739e-01 1.715796500799511570e-01 -1.538274308270067003e-01 -1.737221372388163820e-01 9.727063999780922732e-01
9.875669046574624410e-01 6.411442364748669634e-05 1.571992516350484981e-01 -2.737137232056295957e-02 9.847946758885675056e-01 1.715524826950062809e-01 -1.547979870753096732e-01 -1.737223135664270335e-01 9.725523846901823477e-01
9.874093697873884690e-01 6.483636028247000962e-05 1.581857523682805855e-01 -2.754362559006700434e-02 9.847944706169332596e-01 1.715260893615564719e-01 -1.557693331353344757e-01 -1.737234769355047170e-01 9.723970734304030472e-01
9.872510086526365969e-01 6.556245105509428276e-05 1.591711079810555207e-01 -2.771552957054697341e-02 9.847944387019137436e-01 1.714985799428292157e-01 -1.567395780745117762e-01 -1.737236575810786332e-01 9.722411200220222316e-01
9.870916642112204098e-01 6.629208917642777940e-05 1.601563050587833936e-01 -2.788740985205482095e-02 9.847944064240501394e-01 1.714708997108445043e-01 -1.577096662112588699e-01 -1.737238402789378355e-01 9.720841982576773344e-01
9.869311754799704461e-01 6.702575310276964282e-05 1.611423295514623488e-01 -2.805943819956347243e-02 9.847943737557318666e-01 1.714430207007002493e-01 -1.586805684185954579e-01 -1.737240251853619522e-01 9.719261496017829183e-01
9.867698639174060649e-01 6.776276946254873742e-05 1.621272064541634805e-01 -2.823143048952115458e-02 9.847941670129809477e-01 1.714159705211983908e-01 -1.596503116092768959e-01 -1.737251968639439981e-01 9.717671192099702759e-01
9.866075695274018065e-01 6.850292616356440888e-05 1.631119218775318735e-01 -2.840323949441149812e-02 9.847941336373499110e-01 1.713877776846545187e-01 -1.606199232270270061e-01 -1.737253857696409443e-01 9.716072923778069637e-01
9.864441283746147038e-01 6.924640503738440419e-05 1.640974612849999403e-01 -2.857519528077102910e-02 9.847940998848491168e-01 1.713593856392337245e-01 -1.615903456581254394e-01 -1.737255768070010142e-01 9.714463362189197371e-01
9.862798678314942391e-01 6.998918112243470129e-05 1.650818506432634170e-01 -2.874695089326276265e-02 9.847940658954396076e-01 1.713308512541416584e-01 -1.625596355945427840e-01 -1.737257691842030993e-01 9.712845731281467554e-01
9.861146249488986770e-01 7.073587578669490738e-05 1.660660755793569865e-01 -2.891884570661078235e-02 9.847938577951310668e-01 1.713031173446075694e-01 -1.635287339426624298e-01 -1.737269485296366878e-01 9.711216713315025117e-01
9.859483998912726976e-01 7.148825935103441330e-05 1.670501351129887180e-01 -2.909055523461931414e-02 9.847938229821388001e-01 1.712742415320101241e-01 -1.644976970902041757e-01 -1.737271455635317485e-01 9.709579736252063054e-01
9.857810247900402612e-01 7.224089239090647724e-05 1.680350140451429830e-01 -2.926240769545988829e-02 9.847937878755314012e-01 1.712451659394436942e-01 -1.654674670736293596e-01 -1.737273442582266125e-01 9.707931433612522198e-01
9.856128348966537445e-01 7.299921762753504902e-05 1.690187396654460328e-01 -2.943423225177185451e-02 9.847935786101222888e-01 1.712169194326825239e-01 -1.664360707861440580e-01 -1.737285301825326755e-01 9.706273394778691666e-01
9.854436633281814517e-01 7.376065542659637720e-05 1.700022969424222485e-01 -2.960586554340759180e-02 9.847935427032796785e-01 1.711875316001411351e-01 -1.674045373690912775e-01 -1.737287334014996909e-01 9.704607400915048476e-01
9.852735102530368883e-01 7.452618698502271857e-05 1.709856848964447784e-01 -2.977747385243530512e-02 9.847935063956692048e-01 1.711579732641476947e-01 -1.683728364215154039e-01 -1.737289388869068252e-01 9.702931741224418705e-01
9.851023758407058128e-01 7.529551216211382940e-05 1.719689025480553302e-01 -2.994905671326837313e-02 9.847934696940413568e-01 1.711282444541423475e-01 -1.693409670309642956e-01 -1.737291466005549678e-01 9.701246417375763986e-01
9.849300873095844233e-01 7.606349148289910395e-05 1.729529338481420042e-01 -3.012095024307556018e-02 9.847932590098834593e-01 1.710992851099810697e-01 -1.703098689706168678e-01 -1.737303405368149367e-01 9.699548016831369690e-01
