1.000000000000000000e+00 0.000000000000000000e+00 0.000000000000000000e+00 0.000000000000000000e+00 9.848077400232231327e-01 1.736482513311081999e-01 0.000000000000000000e+00 -1.736482513311081999e-01 9.848077400232231327e-01
9.999996529513864862e-01 4.044148596483351544e-08 8.331249036217059723e-04 -1.447105097565253365e-04 9.848077400173717022e-01 1.736481910667234674e-01 -8.204608308970010120e-04 -1.736482513642890191e-01 9.848073982470630927e-01
9.999986110892062907e-01 8.928337599318337687e-08 1.666679228376650177e-03 -2.895055019622968292e-04 9.848075663486353104e-01 1.736489949554637091e-01 -1.641342810812922723e-03 -1.736492362853069293e-01 9.848061985646247019e-01
9.999968746016013599e-01 1.667544788241915911e-07 2.500157395334115518e-03 -4.343146435121692135e-04 9.848075663020690040e-01 1.736486934157192574e-01 -2.462144963173741163e-03 -1.736492365493388090e-01 9.848044884585022141e-01
9.999944441940059603e-01 2.215227692556366084e-07 3.333403826737987938e-03 -5.790644694889484885e-04 9.848073925964982989e-01 1.736492561793068212e-01 -3.282722263816919336e-03 -1.736502216734469861e-01 9.848019213259595617e-01
9.999913201097292426e-01 2.741076207552847271e-07 4.166497945043205926e-03 -7.237832342832043603e-04 9.848073925263916006e-01 1.736487136813841814e-01 -4.103150378788813536e-03 -1.736502220709620348e-01 9.847988447046810423e-01
9.999875023758640902e-01 3.384307703665885350e-07 4.999509172567143805e-03 -8.685040892233395230e-04 9.848072187801617527e-01 1.736490355260565666e-01 -4.923493955324890516e-03 -1.736512074198394984e-01 9.847949113236236229e-01
9.999829915449295337e-01 4.031491429393094755e-07 5.832376933201517157e-03 -1.013196317798748100e-03 9.848072186656413596e-01 1.736482522148299901e-01 -5.743696899651776211e-03 -1.736512080691668680e-01 9.847904690247789583e-01
9.999777881698171944e-01 4.552998867316309723e-07 6.665070651755959467e-03 -1.157852511414846899e-03 9.848070448952594980e-01 1.736483334277295065e-01 -6.563729470507366492e-03 -1.736521935492287561e-01 9.847851710555857174e-01
9.999718921539714200e-01 5.064587641349416260e-07 7.497659751521883187e-03 -1.302483818108961114e-03 9.848070447627927937e-01 1.736473095716665471e-01 -7.383660197331399708e-03 -1.736521943003259127e-01 9.847793646176650206e-01
9.999653030015338562e-01 5.667083362395138878e-07 8.330233653961838930e-03 -1.447129643193424860e-03 9.848068709496857753e-01 1.736471501237062121e-01 -8.203572931750387903e-03 -1.736531800168601147e-01 9.847727019272952687e-01
9.999580204671653094e-01 6.329084296844698411e-07 9.162821780854974243e-03 -1.591776416310284031e-03 9.848068707623626183e-01 1.736458854884952996e-01 -9.023499943412302202e-03 -1.736531810789614383e-01 9.847655300374443810e-01
9.999500442060943461e-01 7.059967296110345218e-07 9.995453553068934030e-03 -1.736447397362886206e-03 9.848066968902466911e-01 1.736454851430293822e-01 -9.843467004373074661e-03 -1.736541671242686213e-01 9.847575013157860990e-01
9.999413734492604844e-01 7.922045530567158557e-07 1.082818838859337870e-02 -1.881140174922416941e-03 9.848066966259625410e-01 1.736439794300445594e-01 -1.066353487586313431e-02 -1.736541686226732994e-01 9.847489622964420430e-01
9.999320078112584609e-01 8.945411740522060671e-07 1.166103570636668925e-02 -2.025868372394000298e-03 9.848066963040368327e-01 1.736423530480578070e-01 -1.148371071923602778e-02 -1.736541704478427317e-01 9.847397389534904288e-01
9.999219484980313988e-01 1.009091232766101028e-06 1.249387493461867789e-02 -2.170607196469908663e-03 9.848066959259784703e-01 1.736406062064863587e-01 -1.230387647446084566e-02 -1.736541725912141010e-01 9.847298324745534792e-01
9.999111928511927871e-01 1.135759127512444196e-06 1.332690547782897084e-02 -2.315404305238306926e-03 9.848065218319962399e-01 1.736397231628444560e-01 -1.312422621750404701e-02 -1.736551598884295555e-01 9.847190666024070449e-01
9.998997432103897687e-01 1.274562203673542015e-06 1.415992677142628893e-02 -2.460199459439523471e-03 9.848065213261444351e-01 1.736377348738399051e-01 -1.394456691390726609e-02 -1.736551627561750133e-01 9.847077909216064295e-01
9.998875980842705236e-01 1.421840164476790920e-06 1.499303822600744560e-02 -2.605018621718658070e-03 9.848065207579952407e-01 1.736356258102373373e-01 -1.476499492883925728e-02 -1.736551659770322886e-01 9.846958303223594111e-01
9.998747588139524911e-01 1.575052713822981718e-06 1.582613927208862195e-02 -2.749857411669119449e-03 9.848063464752077056e-01 1.736343808880280171e-01 -1.558540891205056726e-02 -1.736561543386024309e-01 9.846830124915183502e-01
9.998612237424201465e-01 1.732949474379860251e-06 1.665932931743504056e-02 -2.894701510635536417e-03 9.848063457901101714e-01 1.736320304399346648e-01 -1.640591233288136302e-02 -1.736561582222955757e-01 9.846696830673720147e-01
9.998469943783674374e-01 1.896309809540285326e-06 1.749250779472892939e-02 -3.039566214031170447e-03 9.848061713860063460e-01 1.736305440792785260e-01 -1.722640037196289733e-02 -1.736571472656388282e-01 9.846554962695251989e-01
9.998320707316713518e-01 2.065663056455279578e-06 1.832567412542045540e-02 -3.184418311008853277e-03 9.848061705721381509e-01 1.736279524819123177e-01 -1.804687830176122595e-02 -1.736571518791372171e-01 9.846407993704037187e-01
9.998164508968027109e-01 2.241448508611261364e-06 1.915892771261338418e-02 -3.329310770289718117e-03 9.848059960300956650e-01 1.736262246118544239e-01 -1.886743771464661698e-02 -1.736581416984161741e-01 9.846252432351797479e-01
9.998001366338580276e-01 2.421475938926473822e-06 1.999216799286732127e-02 -3.474187057261401892e-03 9.848059950800157614e-01 1.736233915080312440e-01 -1.968798646915757497e-02 -1.736581470838509111e-01 9.846091768515027320e-01
9.997831279541657956e-01 2.606044699162509789e-06 2.082539438745062074e-02 -3.619085922259897108e-03 9.848058204026777229e-01 1.736214224054629385e-01 -2.050851713975510721e-02 -1.736591376640383433e-01 9.845922529811571566e-01
9.997654270353972805e-01 2.793264621910005499e-06 2.165850634109870929e-02 -3.763969174085110732e-03 9.848056456609159959e-01 1.736193330549420377e-01 -2.132893435655605283e-02 -1.736601286034996083e-01 9.845746473948178146e-01
9.997470318906258591e-01 2.981465593453700681e-06 2.249160325532148161e-02 -3.908830280604661325e-03 9.848056445206885279e-01 1.736161385529259582e-01 -2.214934020961692451e-02 -1.736601350664631616e-01 9.845565317527360527e-01
9.997279471975502041e-01 3.167787959898119648e-06 2.332448460603676887e-02 -4.053675080295843398e-03 9.848054696730059732e-01 1.736138088415591363e-01 -2.296953004559551884e-02 -1.736611266003280640e-01 9.845375634262968356e-01
9.997081686376961818e-01 3.352211434006800443e-06 2.415734976826360014e-02 -4.198493058056159029e-03 9.848054684399312197e-01 1.736103740761163472e-01 -2.378970817612105840e-02 -1.736611335894427677e-01 9.845180853927085751e-01
9.996876987238015877e-01 3.536285268603338448e-06 2.499009819517752570e-02 -4.343315038374069049e-03 9.848052934933557712e-01 1.736078037472477409e-01 -2.460976706081067708e-02 -1.736621256778810296e-01 9.844977529025917828e-01
9.996665351376057274e-01 3.722958110176683085e-06 2.582282928173820769e-02 -4.488112787966285801e-03 9.848052921433932960e-01 1.736041284358421366e-01 -2.542981261387324346e-02 -1.736621333293630332e-01 9.844769108912193589e-01
9.996446805593546259e-01 3.908930587304779457e-06 2.665544248565481639e-02 -4.632889386302203177e-03 9.848052907426424474e-01 1.736003331253531679e-01 -2.624974219530695416e-02 -1.736621412686701615e-01 9.844553883872343425e-01
9.996221352539986782e-01 4.093032802591191527e-06 2.748793723588129762e-02 -4.777670651543661391e-03 9.848051156343631263e-01 1.735974022948904849e-01 -2.706955066827016268e-02 -1.736631342675691581e-01 9.844330120546457286e-01
9.995988966548885468e-01 4.274874645471391376e-06 2.832041292168948829e-02 -4.922420140448831652e-03 9.848051141464954084e-01 1.735933666096410311e-01 -2.788934539013875752e-02 -1.736631427005563000e-01 9.844101265636573395e-01
9.995749676934237993e-01 4.454725792551358583e-06 2.915276900821441378e-02 -5.067146909466360531e-03 9.848051126160939361e-01 1.735892110339820049e-01 -2.870902267386986687e-02 -1.736631513746018374e-01 9.843865612003007692e-01
9.995503486359025302e-01 4.632945852471044371e-06 2.998500492548798746e-02 -5.211880742722990213e-03 9.848049373785014993e-01 1.735859199763890859e-01 -2.952857668377125572e-02 -1.736641451004252157e-01 9.843621426414006503e-01
9.995250397490551553e-01 4.811153807366848730e-06 3.081712010397106780e-02 -5.356564898976768317e-03 9.848049357530515024e-01 1.735815247338015344e-01 -3.034801685667168694e-02 -1.736641543130910403e-01 9.843372183248920715e-01
9.994990349702057575e-01 4.990948456213456066e-06 3.164931387436133864e-02 -5.501264279503640352e-03 9.848049340671363172e-01 1.735770086398265022e-01 -3.116753414940721598e-02 -1.736641638684094935e-01 9.843116086905263629e-01
9.994723405640081326e-01 5.174588138295084611e-06 3.248138575749427021e-02 -5.645978280875363180e-03 9.848047586428083644e-01 1.735733570676441517e-01 -3.198692509065849399e-02 -1.736651586464701691e-01 9.842851463349129304e-01
9.994449501358867449e-01 5.363641258349745134e-06 3.331353507369628347e-02 -5.790679909618455176e-03 9.848047567984489215e-01 1.735686003093083185e-01 -3.280639684664229255e-02 -1.736651690995619224e-01 9.842581721111394177e-01
9.994168668697441804e-01 5.559606117923703989e-06 3.414566129619888563e-02 -5.935417978332538369e-03 9.848045811925582038e-01 1.735647074597040651e-01 -3.362583872093664189e-02 -1.736661649004806740e-01 9.842303420130231739e-01
9.993880872872699106e-01 5.761342402823586735e-06 3.497786378696220860e-02 -6.080142187872715834e-03 9.848045791602956234e-01 1.735597094255702799e-01 -3.444536048973213110e-02 -1.736661764182078072e-01 9.842019997485335070e-01
9.993586183207567863e-01 5.969918546264634637e-06 3.580994208858913341e-02 -6.224886850499549047e-03 9.848044033603441383e-01 1.735555758417892946e-01 -3.526475254027047757e-02 -1.736671733127382600e-01 9.841728050204582301e-01
9.993284492476378622e-01 6.185523315818112156e-06 3.664219543164119047e-02 -6.369634409551969481e-03 9.848044011215564275e-01 1.735503364707226825e-01 -3.608432182818372552e-02 -1.736671860005559453e-01 9.841430943845759227e-01
9.992975870843842090e-01 6.408335538446068801e-06 3.747442336128608414e-02 -6.514384675270277862e-03 9.848043987732333360e-01 1.735449767328136328e-01 -3.690386483324303857e-02 -1.736671993089755894e-01 9.841127011905426158e-01
9.992660318524051455e-01 6.636905145134259236e-06 3.830662530032730856e-02 -6.659173842825969608e-03 9.848042226541890987e-01 1.735404807133180960e-01 -3.772337457968479024e-02 -1.736681980053630669e-01 9.840814519194490684e-01
9.992337796596861832e-01 6.872789890634479386e-06 3.913890059496454021e-02 -6.803946074498064787e-03 9.848042200865804174e-01 1.735348795414848599e-01 -3.854296180670446076e-02 -1.736682125560895240e-01 9.840496898240148615e-01
9.992008302789061602e-01 7.117057713989436372e-06 3.997124865815412931e-02 -6.948778588553667680e-03 9.848040437233639421e-01 1.735301413076064669e-01 -3.936261228719147021e-02 -1.736692126298098326e-01 9.840170676052677479e-01
9.991671875635845801e-01 7.369037858508806750e-06 4.080356898573556101e-02 -7.093575365219768891e-03 9.848040409031835196e-01 1.735242986134757637e-01 -4.018224091329834075e-02 -1.736692286113404871e-01 9.839839361233126969e-01
9.991328473734487625e-01 7.631376688386803985e-06 4.163596091345590083e-02 -7.238435810653136293e-03 9.848038642649241670e-01 1.735193187396946168e-01 -4.100193100867069451e-02 -1.736702302371790352e-01 9.839499442466194123e-01
9.990978179762893818e-01 7.901814687648330780e-06 4.246822403372407101e-02 -7.383241710323912993e-03 9.848038611604815751e-01 1.735132351875605938e-01 -4.182149993560951851e-02 -1.736702478289476881e-01 9.839154471610696007e-01
9.990620909860216114e-01 8.176963552550420373e-06 4.330055759196976134e-02 -7.528107152055169699e-03 9.848036842710995442e-01 1.735080143646850481e-01 -4.264112987885521067e-02 -1.736712508713109948e-01 9.838800895756804055e-01
9.990256750043255973e-01 8.455004044182228338e-06 4.413276119465499303e-02 -7.672911078416323055e-03 9.848036809504655542e-01 1.735016899687038261e-01 -4.346063871751374569e-02 -1.736712696876671347e-01 9.838442269827777364e-01
9.989885658096611110e-01 8.733547648071223984e-06 4.496493417410445809e-02 -7.817754488470570959e-03 9.848035038733423674e-01 1.734962289894103615e-01 -4.428010948850961970e-02 -1.736722737874790146e-01 9.838075082154905671e-01
9.989507680074923845e-01 9.011215214194249784e-06 4.579697605780594372e-02 -7.962530833159764052e-03 9.848035003941923993e-01 1.734896645742244059e-01 -4.509945897649139668e-02 -1.736722935017094849e-01 9.837702848073243134e-01
9.989122818736577702e-01 9.287566745198696765e-06 4.662888627989270757e-02 -8.107283041530072634e-03 9.848034968452101801e-01 1.734829806151907405e-01 -4.591867902767436671e-02 -1.736723136115461141e-01 9.837323835277388406e-01
9.988731076844283852e-01 9.562122361575433962e-06 4.746066427493441514e-02 -8.252057280441493087e-03 9.848033195581101795e-01 1.734771608540067456e-01 -4.673776091654939513e-02 -1.736733188946777418e-01 9.836936311721322657e-01
9.988332408872601098e-01 9.835490946669924372e-06 4.829240936126171641e-02 -8.396778742953780669e-03 9.848033158740202575e-01 1.734702370733275101e-01 -4.755681870556986712e-02 -1.736733397698037307e-01 9.836543702174090908e-01
9.987926864221989831e-01 1.010818150401232590e-05 4.912402108288311392e-02 -8.541476403511079687e-03 9.848033121164631032e-01 1.734631938634025594e-01 -4.837574526945441489e-02 -1.736733610611276013e-01 9.836144320450752598e-01
9.987514395713015247e-01 1.037882521011065238e-05 4.995559875061699601e-02 -8.686215355162131210e-03 9.848031346235854855e-01 1.734570139785758525e-01 -4.919462996157613482e-02 -1.736743675037859258e-01 9.835736385523472514e-01
9.987095054418783091e-01 1.064684255411702042e-05 5.078704191704454252e-02 -8.830880011222048617e-03 9.848031307493052555e-01 1.734497311170997980e-01 -5.001339118942340484e-02 -1.736743894562798041e-01 9.835323416892410853e-01
9.986668791505747267e-01 1.091333178910398366e-05 5.161844988519730115e-02 -8.975537077055693869e-03 9.848031268108545788e-01 1.734423280452104532e-01 -5.083211801439947025e-02 -1.736744117723252601e-01 9.834903631829378101e-01
9.986235659718960544e-01 1.117969068387902460e-05 5.244972221650648359e-02 -9.120222138540587734e-03 9.848029491213894371e-01 1.734357891265755625e-01 -5.165070216093728406e-02 -1.736754193224499809e-01 9.834475347925039079e-01
9.985795608571297333e-01 1.144721679638713959e-05 5.328095820594231508e-02 -9.264851238004892867e-03 9.848029450185605826e-01 1.734281465457888083e-01 -5.246925928503072545e-02 -1.736754425695561377e-01 9.834041984242029022e-01
9.985348584255174798e-01 1.171820597810475952e-05 5.411225713103606089e-02 -9.409548002491399665e-03 9.848027671291456064e-01 1.734213662187178706e-01 -5.328786837095780826e-02 -1.736764512461649312e-01 9.833600019153808658e-01
9.984894694473281929e-01 1.199465429915383562e-05 5.494341870434728964e-02 -9.554173859452565545e-03 9.848027627848193744e-01 1.734134832510156876e-01 -5.410635050210191310e-02 -1.736764758610538084e-01 9.833153027222898412e-01
9.984433886258765600e-01 1.227895663827892977e-05 5.577454220792851108e-02 -9.698855809350950125e-03 9.848025846067972600e-01 1.734064633967291325e-01 -5.492478407118406292e-02 -1.736774861661665448e-01 9.832697487941621795e-01
9.983966103325271346e-01 1.257031252305590286e-05 5.660572690556412573e-02 -9.843501272988322212e-03 9.848025799532765800e-01 1.733983390925613599e-01 -5.574328622541677852e-02 -1.736775125321567415e-01 9.832236814079662324e-01
9.983491400940187610e-01 1.286961893075085855e-05 5.743687237224918973e-02 -9.988204363281382933e-03 9.848024014574018326e-01 1.733910777904437706e-01 -5.656173836729613824e-02 -1.736785246313063968e-01 9.831767592019057256e-01
9.983009721164427530e-01 1.317677419192456512e-05 5.826807786205068923e-02 -1.013286991491259108e-02 9.848023964725295398e-01 1.733827120829820045e-01 -5.738025809154956303e-02 -1.736785528737943840e-01 9.831293232596675091e-01
9.982521120937477566e-01 1.349197624703579019e-05 5.909924295909676356e-02 -1.027759462684780731e-02 9.848022176363223634e-01 1.733752092638040643e-01 -5.819872635254108584e-02 -1.736795668941750470e-01 9.830810324151280089e-01
9.982025600597734805e-01 1.381692019671779245e-05 5.993036708720488742e-02 -1.042226449415424583e-02 9.848022122856738836e-01 1.733666031277553976e-01 -5.901716269805171861e-02 -1.736795972080067696e-01 9.830322334596848233e-01
9.981523099727350745e-01 1.414990696235235416e-05 6.076154948545224588e-02 -1.056695245864285211e-02 9.848022067550117331e-01 1.733578757547402927e-01 -5.983565502131409780e-02 -1.736796285412866570e-01 9.829827470601562034e-01
9.981013616181287906e-01 1.448983670817295769e-05 6.159278956243085384e-02 -1.071171798851358430e-02 9.848020273724410467e-01 1.733500100399888444e-01 -6.065419221926719728e-02 -1.736806456493477924e-01 9.829323996557717269e-01
9.980497272667023800e-01 1.483710705161253109e-05 6.242388711640060872e-02 -1.085640621690416550e-02 9.848020214913604242e-01 1.733410421988496319e-01 -6.147259834198026685e-02 -1.736806789668616513e-01 9.828815500388108362e-01
9.979974008781518080e-01 1.518772404721634996e-05 6.325494138631809760e-02 -1.100109027605475354e-02 9.848020154722046948e-01 1.733319541648951634e-01 -6.229096124793381817e-02 -1.736807130662937904e-01 9.828300189023491118e-01
9.979443760801760543e-01 1.554038900332711261e-05 6.408605159037716881e-02 -1.114584922728851894e-02 9.848018356464870449e-01 1.733237276090961732e-01 -6.310936772738835743e-02 -1.736817326773484327e-01 9.827776266476783151e-01
9.978906721353532072e-01 1.589400347084709127e-05 6.491691776905030020e-02 -1.129050448985336082e-02 9.848018293889796437e-01 1.733144002686556329e-01 -6.392754471757526591e-02 -1.736817681263633228e-01 9.827247389004117872e-01
9.978362698551208609e-01 1.624876581975700940e-05 6.574783872946846075e-02 -1.143523519448161850e-02 9.848016493326595677e-01 1.733059343118994178e-01 -6.474576401329644459e-02 -1.736827890369426197e-01 9.826709901257304480e-01
9.977811890015440000e-01 1.660337832087488535e-05 6.657851454480553932e-02 -1.157985929586458421e-02 9.848016428574730696e-01 1.732963677747169917e-01 -6.556375319757887232e-02 -1.736828257184624968e-01 9.826167464057882217e-01
9.977254098884964506e-01 1.695654288776953073e-05 6.740924399003100920e-02 -1.172449133305412429e-02 9.848016362956085734e-01 1.732866799626361365e-01 -6.638179543981179154e-02 -1.736828628908666794e-01 9.825618150387380734e-01
9.976689459534098248e-01 1.730845877818763446e-05 6.823982693874272587e-02 -1.186916394439754482e-02 9.848014559624996833e-01 1.732778557156162691e-01 -6.719968175128000765e-02 -1.736838853623391687e-01 9.825060359804251853e-01
9.976117974845841729e-01 1.765962427973695250e-05 6.907026283223921537e-02 -1.201374394363742375e-02 9.848014492194364644e-01 1.732679300152060731e-01 -6.801743508861277099e-02 -1.736839235606891241e-01 9.824497560794298590e-01
9.975539577806904479e-01 1.800993891112514779e-05 6.990065086766061864e-02 -1.215831484291222259e-02 9.848014423842992304e-01 1.732578842592283341e-01 -6.883514143416211151e-02 -1.736839622804755012e-01 9.823927954490979664e-01
9.974954268818021497e-01 1.835960158063161443e-05 7.073099046963961245e-02 -1.230294639204486222e-02 9.848012617704910987e-01 1.732487007897112186e-01 -6.965278788365680818e-02 -1.736849863349547995e-01 9.823349808806876027e-01
9.974362119845855412e-01 1.870931000487389663e-05 7.156118131922158121e-02 -1.244748336865155076e-02 9.848012547388428350e-01 1.732384161281434465e-01 -7.047029998253116767e-02 -1.736850261673767992e-01 9.822766659682035106e-01
9.973763061399424368e-01 1.906155675237552823e-05 7.239132259670943981e-02 -1.259208558362962145e-02 9.848010738875151437e-01 1.732289936778810546e-01 -7.128775021908283216e-02 -1.736860515604343180e-01 9.822174973813324605e-01
9.973157093893759706e-01 1.941594169598720001e-05 7.322141372704504825e-02 -1.273661078508020114e-02 9.848010665915635231e-01 1.732184689512877851e-01 -7.210516313604228844e-02 -1.736860928892698386e-01 9.821578216284716500e-01
9.972544217748269268e-01 1.977415903019589009e-05 7.405145413520494713e-02 -1.288113101758597660e-02 9.848010591426288318e-01 1.732078242322337425e-01 -7.292252542433999563e-02 -1.736861350843504626e-01 9.820974655120524588e-01
9.971924433387344688e-01 2.013680560729784279e-05 7.488144324620088499e-02 -1.302572051199068007e-02 9.848008778445456191e-01 1.731980415644352733e-01 -7.373982338783061086e-02 -1.736871630003824218e-01 9.820362558763348071e-01
9.971297741240049417e-01 2.050497667797640810e-05 7.571138048508009588e-02 -1.317023358931385807e-02 9.848008700541848182e-01 1.731871568209476242e-01 -7.455708217609877120e-02 -1.736872071284080998e-01 9.819745391695855474e-01
9.970664065198843184e-01 2.088006615518845079e-05 7.654136498356679807e-02 -1.331483714293547546e-02 9.848006883757550733e-01 1.731771326893249696e-01 -7.537437297504938349e-02 -1.736882371914166001e-01 9.819119615118029332e-01
9.970023480583977138e-01 2.126267027932581802e-05 7.737129644732855527e-02 -1.345936441253832612e-02 9.848006801739509486e-01 1.731660065905947510e-01 -7.619162339556782848e-02 -1.736882836486740578e-01 9.818488766849641225e-01
9.969375987839176334e-01 2.165298618019213364e-05 7.820117430131438840e-02 -1.360389005227920570e-02 9.848006717550700229e-01 1.731547605069186924e-01 -7.700881966633343900e-02 -1.736883313349260882e-01 9.817851115451318167e-01
9.968721587412948670e-01 2.205121090381757923e-05 7.903099797051045539e-02 -1.374849198520005332e-02 9.848004894241207952e-01 1.731443761666687231e-01 -7.782594743787973890e-02 -1.736893650853617577e-01 9.817204929926034440e-01
9.968060199897829099e-01 2.245724218935332152e-05 7.986086656054287858e-02 -1.389303249142127827e-02 9.848004805563429498e-01 1.731328886843517267e-01 -7.864313167925647552e-02 -1.736894153127014340e-01 9.816553595065893312e-01
9.967391903953387589e-01 2.287038007547273868e-05 8.069067980250581307e-02 -1.403757047492516091e-02 9.848004714697033979e-01 1.731212812112110921e-01 -7.946026016321816599e-02 -1.736894667790635782e-01 9.815895456782322004e-01
9.966716700043024568e-01 2.328922691722930353e-05 8.152043712129201924e-02 -1.418218473442724170e-02 9.848002884909377030e-01 1.731105352782564277e-01 -8.027731838441787282e-02 -1.736905041900039803e-01 9.815228784431002662e-01
9.966034670985189914e-01 2.371178765576254345e-05 8.235003828148670935e-02 -1.432669615294032174e-02 9.848002790265805162e-01 1.730986892108385411e-01 -8.109423619809563721e-02 -1.736905577943725631e-01 9.814557121890561397e-01
9.965345653382499114e-01 2.413616683066847543e-05 8.317968203564340968e-02 -1.447121684065523495e-02 9.848002694117191647e-01 1.730867217603827279e-01 -8.191119562829018985e-02 -1.736906122507801686e-01 9.813878577029028216e-01
9.964649813241696075e-01 2.456385825959769427e-05 8.400916849510718654e-02 -1.461579628437821056e-02 9.848000859332924906e-01 1.730756171294889345e-01 -8.272798494823863091e-02 -1.736916524833498066e-01 9.813191582579070538e-01
9.963947068695262477e-01 2.499296699553274397e-05 8.483859674548173413e-02 -1.476028518379294933e-02 9.848000759997384002e-01 1.730634111885080706e-01 -8.354473115453760201e-02 -1.736917087435699281e-01 9.812499519541668658e-01
9.963237505899191770e-01 2.541890895719046980e-05 8.566786657969008290e-02 -1.490474351507899316e-02 9.848000659883212604e-01 1.730510868216314224e-01 -8.436132189093663303e-02 -1.736917654446438752e-01 9.811800741890025490e-01
9.962521041334906347e-01 2.584527021728115181e-05 8.649707706977545485e-02 -1.504927720914798171e-02 9.847998821534812430e-01 1.730396236876737270e-01 -8.517783904910294912e-02 -1.736928076879164506e-01 9.811093436984551497e-01
9.961797675499576288e-01 2.626876238649727239e-05 8.732622764132449977e-02 -1.519371337717050074e-02 9.847998719297291759e-01 1.730270595051578431e-01 -8.599431259057016552e-02 -1.736928655907926944e-01 9.810381066222320090e-01
9.961067497049440611e-01 2.668998309000640242e-05 8.815521810929075053e-02 -1.533811957014029684e-02 9.847998616172970454e-01 1.730143769939491150e-01 -8.681062884407587943e-02 -1.736929239957606119e-01 9.809661986396365219e-01
9.960330508976998898e-01 2.710962917280748240e-05 8.898404792145656050e-02 -1.548258400828165030e-02 9.847996775128634583e-01 1.730025570995606943e-01 -8.762677166167068266e-02 -1.736939677583199115e-01 9.808934470433192665e-01
9.959586534653243062e-01 2.752829718879182323e-05 8.981291571779033422e-02 -1.562696734700628337e-02 9.847996669936742720e-01 1.729896348937817740e-01 -8.844296738053090967e-02 -1.736940273335303153e-01 9.808201804559207870e-01
9.958835753389656542e-01 2.794817790057718796e-05 9.064162172522148564e-02 -1.577132386459377186e-02 9.847996563329716180e-01 1.729765944572244085e-01 -8.925900354382680646e-02 -1.736940877098593905e-01 9.807462435212295215e-01
9.958077985250338715e-01 2.837385035339195702e-05 9.147036455404695954e-02 -1.591578266312615800e-02 9.847994717613915983e-01 1.729644133361084579e-01 -9.007505902826691557e-02 -1.736951341097632828e-01 9.806714455553632304e-01
9.957313412871583447e-01 2.880630856520555400e-05 9.229894446131575725e-02 -1.606013069950923411e-02 9.847994606505346971e-01 1.729511332843197691e-01 -9.089096864040532853e-02 -1.736951970338053153e-01 9.805961504855077449e-01
9.956541853013564092e-01 2.924535039326744591e-05 9.312756002710330383e-02 -1.620458323456569830e-02 9.847992756093439937e-01 1.729387123853571018e-01 -9.170689600071676995e-02 -1.736962460849995338e-01 9.805199943509020910e-01
9.955763397680645888e-01 2.969167053550990980e-05 9.395611109676585415e-02 -1.634894096360812316e-02 9.847992640154259458e-01 1.729251911204491565e-01 -9.252277462004457331e-02 -1.736963117428810544e-01 9.804433321021303049e-01
9.954978047411616737e-01 3.014606273150863958e-05 9.478459709648477671e-02 -1.649329546576757538e-02 9.847992521567097146e-01 1.729115500950242357e-01 -9.333858773415708299e-02 -1.736963788995040670e-01 9.803659908406620049e-01
9.954185707136949945e-01 3.060932014280806748e-05 9.561311699434402178e-02 -1.663775887342546986e-02 9.847990663188812555e-01 1.728987679456668869e-01 -9.415441603012759952e-02 -1.736974324523230806e-01 9.802877883058097597e-01
9.953386567803103047e-01 3.108104210991841283e-05 9.644147112490890350e-02 -1.678210861889452288e-02 9.847990538996396204e-01 1.728848873345452675e-01 -9.497009607803628961e-02 -1.736975027809657679e-01 9.802090891124123351e-01
9.952580437909167577e-01 3.156052831142827208e-05 9.726985799008204536e-02 -1.692647183009053299e-02 9.847990412091857104e-01 1.728708853012958513e-01 -9.578580699071666260e-02 -1.736975746445576785e-01 9.801297014894179149e-01
9.951767413627069514e-01 3.204608433039358425e-05 9.809817747416303690e-02 -1.707092604474645670e-02 9.847988545755299583e-01 1.728577435659133799e-01 -9.660143339867534318e-02 -1.736986326940219705e-01 9.800494620505377785e-01
9.950947594447404621e-01 3.253432464321040984e-05 9.892632949388020791e-02 -1.721525814322189679e-02 9.847988414513108024e-01 1.728435036766448885e-01 -9.741691132794277896e-02 -1.736987070120956378e-01 9.799687263222484068e-01
9.950120783913898315e-01 3.302415239031269745e-05 9.975451250270357673e-02 -1.735959729851549102e-02 9.847988281552432221e-01 1.728291423507422320e-01 -9.823241947992555900e-02 -1.736987823027700550e-01 9.798873020861402772e-01
9.949287080697906127e-01 3.351407405113592154e-05 1.005826264092568451e-01 -1.750402369585579362e-02 9.847986410140738833e-01 1.728156411071870568e-01 -9.904784204126916569e-02 -1.736998432170852591e-01 9.798050262441644342e-01
9.948446789608619278e-01 3.400379114012415561e-05 1.014103721864869495e-01 -1.764828781951893744e-02 9.847986274334286083e-01 1.728010455473996398e-01 -9.986291944610389826e-02 -1.736999201179356966e-01 9.797222744587997800e-01
9.947599611963376942e-01 3.449429642826980750e-05 1.022380477650276231e-01 -1.779254063622451656e-02 9.847986136945838798e-01 1.727863303705881315e-01 -1.006779275629412912e-01 -1.736999979141313766e-01 9.796388444862023093e-01
9.946745548348782107e-01 3.498509132690093466e-05 1.030656525719420152e-01 -1.793678155405596664e-02 9.847985998061401514e-01 1.727714955869388280e-01 -1.014928659144028189e-01 -1.737000765570036465e-01 9.795547363841247135e-01
9.945884599355959699e-01 3.547637362787234468e-05 1.038931860343422359e-01 -1.808111297818910598e-02 9.847984120636819050e-01 1.727575206765844529e-01 -1.023077158205063647e-01 -1.737011408663669543e-01 9.794697774537574064e-01
9.945015718369495383e-01 3.596793946399505840e-05 1.047216420810146292e-01 -1.822550355394877281e-02 9.847983978655853177e-01 1.727424284348848260e-01 -1.031234921540276489e-01 -1.737012212613475992e-01 9.793842101536426314e-01
9.944140992138832402e-01 3.646059072965533677e-05 1.055490310484486355e-01 -1.836970996246999402e-02 9.847983835088446325e-01 1.727272346628095090e-01 -1.039382174204261655e-01 -1.737013025541024880e-01 9.792980672147127974e-01
9.943259382332483298e-01 3.695472010701657706e-05 1.063763469523143768e-01 -1.851401000856146492e-02 9.847981952775183290e-01 1.727129005359638314e-01 -1.047528519419561599e-01 -1.737023696225572789e-01 9.792110736697859918e-01
9.942370889560281366e-01 3.745141980305361824e-05 1.072035892199239698e-01 -1.865819598488432582e-02 9.847981805540843014e-01 1.726974675551293248e-01 -1.055674318472922257e-01 -1.737024529900382530e-01 9.791235750192163190e-01
9.941475514436692862e-01 3.795207986857452106e-05 1.080307572786405046e-01 -1.880237310889786365e-02 9.847981656092791303e-01 1.726819150289699289e-01 -1.063819379595554171e-01 -1.737025376102439844e-01 9.790353985958480942e-01
9.940573257580881394e-01 3.845818924384916465e-05 1.088578505558784187e-01 -1.894664995470174418e-02 9.847979767098176129e-01 1.726672219147095955e-01 -1.071963505077121459e-01 -1.737036084519180401e-01 9.789463717939866916e-01
9.939664119617247495e-01 3.896994415054490864e-05 1.096848684791039419e-01 -1.909081304144323241e-02 9.847979612556274631e-01 1.726514302407488877e-01 -1.080107066422192064e-01 -1.737036959540670389e-01 9.788568400243957690e-01
9.938748101174952332e-01 3.948754071407480255e-05 1.105118104758354425e-01 -1.923496884857034406e-02 9.847979455373480073e-01 1.726355190533314377e-01 -1.088249869621282090e-01 -1.737037849505667919e-01 9.787666306666465976e-01
9.937825202887833331e-01 4.001137371873044146e-05 1.113386759736438719e-01 -1.937922730975237193e-02 9.847977558402892795e-01 1.726204670391288387e-01 -1.096391714550554175e-01 -1.737048602976323797e-01 9.786755711632068033e-01
9.936895425394479675e-01 4.054183777542478179e-05 1.121654644001530976e-01 -1.952337025525106157e-02 9.847977395625433505e-01 1.726043167663585676e-01 -1.104532981020440036e-01 -1.737049524592332028e-01 9.785840068330958763e-01
9.935958769338564256e-01 4.107853244224426097e-05 1.129921751830403887e-01 -1.966750601671148763e-02 9.847977230047849639e-01 1.725880470127446331e-01 -1.112673471739275832e-01 -1.737050462051833999e-01 9.784917651036884045e-01
9.935015235368737097e-01 4.162056064957365980e-05 1.138188077500367074e-01 -1.981174568972025873e-02 9.847975324764696170e-01 1.725726361883090920e-01 -1.120812984517788879e-01 -1.737061262477105905e-01 9.783986734666895169e-01
9.934064824138675309e-01 4.216642959980733624e-05 1.146453615289271949e-01 -1.995586434896246333e-02 9.847975154163505218e-01 1.725561274132811074e-01 -1.128951911118981771e-01 -1.737062228354957771e-01 9.783050771472224794e-01
9.933107536306727825e-01 4.271494504040819772e-05 1.154718359475515183e-01 -2.009997198063304125e-02 9.847974981413066820e-01 1.725394991907672759e-01 -1.137090051317068973e-01 -1.737063206393379411e-01 9.782108036215408919e-01
9.932143372536025305e-01 4.326491316530086013e-05 1.162982304338042866e-01 -2.024406730359921622e-02 9.847974806744476117e-01 1.725227515322780569e-01 -1.145227401562427527e-01 -1.737064195284909185e-01 9.781158529549029979e-01
9.931172333494004967e-01 4.381623305208260511e-05 1.171245444156354398e-01 -2.038826545640055540e-02 9.847972893101364367e-01 1.725068624695455244e-01 -1.153363752513134194e-01 -1.737075042925465274e-01 9.780200527066627014e-01
9.930194419852595988e-01 4.436939962270261344e-05 1.179507773210506372e-01 -2.053233697288365731e-02 9.847972714514091619e-01 1.724898758776628183e-01 -1.161499503991097332e-01 -1.737076053983127866e-01 9.779237479727488358e-01
9.929209632288926723e-01 4.492391467517431626e-05 1.187769285781116596e-01 -2.067639578403264455e-02 9.847972534008557766e-01 1.724727698841551637e-01 -1.169634448791159048e-01 -1.737077075894233047e-01 9.778267662965856033e-01
9.928217971484395443e-01 4.548037230174555603e-05 1.196029976149368124e-01 -2.082056015823602335e-02 9.847970614370609166e-01 1.724565222298852507e-01 -1.177768372034166955e-01 -1.737087957371916402e-01 9.777289352892725161e-01
9.927219438125371997e-01 4.603886998803409622e-05 1.204289838597013274e-01 -2.096459535428184251e-02 9.847970429735517506e-01 1.724391773703985165e-01 -1.185901682884756558e-01 -1.737089002641228619e-01 9.776305999478227537e-01
9.926214032903170059e-01 4.659910812239852516e-05 1.212548867406377240e-01 -2.110861794084732332e-02 9.847970243075391261e-01 1.724217131443815665e-01 -1.194034169468742440e-01 -1.737090059367653594e-01 9.775315878670477465e-01
9.925201756513395424e-01 4.716177972595511912e-05 1.220807056860362533e-01 -2.125274872455407485e-02 9.847968317137498762e-01 1.724051069957364402e-01 -1.202165612413075152e-01 -1.737100976406578678e-01 9.774317267108676432e-01
9.924182609656773124e-01 4.772678359219867237e-05 1.229064401242452309e-01 -2.139674788756234028e-02 9.847968126123319843e-01 1.723874039726437379e-01 -1.210296429875617058e-01 -1.737102057760150642e-01 9.773313613752286910e-01
9.923156593038502393e-01 4.829461393452609639e-05 1.237320894836715229e-01 -2.154073522638839250e-02 9.847967932819673420e-01 1.723695816188596242e-01 -1.218426404271988062e-01 -1.737103152066230560e-01 9.772303195074045767e-01
9.922123707368323275e-01 4.886616163458659760e-05 1.245576531927808511e-01 -2.168471152807101288e-02 9.847967737018741285e-01 1.723516399467211191e-01 -1.226555528410318979e-01 -1.737104260500160480e-01 9.771286011773387958e-01
9.921083953361506946e-01 4.944072981410921889e-05 1.253831306800981815e-01 -2.182879947235324275e-02 9.847965801746479952e-01 1.723345559947681571e-01 -1.234683579591311225e-01 -1.737115230257691711e-01 9.770260341213756750e-01
9.920037331737239228e-01 5.001930827834226949e-05 1.262085213742083212e-01 -2.197275382077708630e-02 9.847965600989133650e-01 1.723163756201914198e-01 -1.242810985585769967e-01 -1.737116366724352767e-01 9.769229630967106726e-01
9.918983843219847385e-01 5.060209287943829263e-05 1.270338247037559598e-01 -2.211669732659595974e-02 9.847965397575462188e-01 1.722980759640907467e-01 -1.250937523571826748e-01 -1.737117518217810019e-01 9.768192158225634802e-01
9.917924767124147722e-01 5.118869089127681810e-05 1.278580483050323346e-01 -2.226058312231699379e-02 9.847963454541136530e-01 1.722806559636814450e-01 -1.259053198864467094e-01 -1.737128531800104791e-01 9.767147460053787755e-01
9.916857555264207980e-01 5.177958258038492783e-05 1.286831752983532973e-01 -2.240450518080213532e-02 9.847963245826415468e-01 1.722621178208481318e-01 -1.267177984088869169e-01 -1.737129713274031262e-01 9.766096472793054373e-01
9.915783478712087984e-01 5.237457343625493886e-05 1.295082132140970566e-01 -2.254841600055308357e-02 9.847963034422754225e-01 1.722434604340494502e-01 -1.275301884608893987e-01 -1.737130909958544689e-01 9.765038725206346415e-01
9.914702538211160876e-01 5.297375997694359529e-05 1.303331614811525929e-01 -2.269231558084341613e-02 9.847962820289225538e-01 1.722246838162004856e-01 -1.283424894626516433e-01 -1.737132122084890928e-01 9.763974218025862628e-01
9.913614734510033388e-01 5.357634643416682517e-05 1.311580195284709760e-01 -2.283633218933043760e-02 9.847960866451593853e-01 1.722067642705079893e-01 -1.291546781545067357e-01 -1.737143196686872226e-01 9.762901229925718960e-01
9.912520068361317938e-01 5.418292512483371097e-05 1.319827867850656700e-01 -2.298020882044966504e-02 9.847960647032084625e-01 1.721877491218314626e-01 -1.299667993985772207e-01 -1.737144438706375027e-01 9.761823205963142680e-01
9.911418540522968224e-01 5.479299783083593631e-05 1.328074626800130886e-01 -2.312407322510714319e-02 9.847960424991489825e-01 1.721686147806693601e-01 -1.307788300270940618e-01 -1.737145695551816083e-01 9.760738424632648957e-01
9.910311488073153541e-01 5.540617311278681203e-05 1.336310556113691761e-01 -2.326775276084879288e-02 9.847960200503507178e-01 1.721493844730481726e-01 -1.315897935826060572e-01 -1.737146966239337120e-01 9.759648202685083929e-01
9.909196247392852985e-01 5.602263196394897889e-05 1.344555471820287340e-01 -2.341172424522946702e-02 9.847958236162834833e-01 1.721309877848589964e-01 -1.324016180959257660e-01 -1.737158100156420970e-01 9.758548195690740501e-01
9.908074147323839842e-01 5.664208202415967861e-05 1.352799456793369604e-01 -2.355555112353946434e-02 9.847958006425626687e-01 1.721114959787416743e-01 -1.332133736626924803e-01 -1.737159400528593689e-01 9.757443155094245313e-01
9.906945188643084821e-01 5.726402557371704601e-05 1.361042505326254815e-01 -2.369936439403260917e-02 9.847957774245044149e-01 1.720918850329229977e-01 -1.340250365399508758e-01 -1.737160714720929477e-01 9.756331360161807353e-01
9.905809372131803014e-01 5.788885662998194745e-05 1.369284611712907329e-01 -2.384316435150824962e-02 9.847957539514435865e-01 1.720721549609781631e-01 -1.348366060962836732e-01 -1.737162043336435702e-01 9.755212811663040995e-01
9.904666698577989647e-01 5.851350238326004718e-05 1.377525770247943204e-01 -2.398708349206228607e-02 9.847955565796085997e-01 1.720532811852298616e-01 -1.356480583213290347e-01 -1.737173230199825780e-01 9.754085789844296750e-01
9.903518554531643980e-01 5.914133699832722202e-05 1.385756071708756088e-01 -2.413068254682057892e-02 9.847955326707918955e-01 1.720333368608417401e-01 -1.364584645974706023e-01 -1.737174583453071908e-01 9.752955101433347096e-01
9.902362177504920870e-01 5.977352986104971508e-05 1.393995318583418075e-01 -2.427444152178299258e-02 9.847955084573014606e-01 1.720132495220369484e-01 -1.372697510160387213e-01 -1.737175953939328055e-01 9.751816305214863201e-01
9.901198945821263475e-01 6.040642274748655722e-05 1.402233600501120170e-01 -2.441818462083942751e-02 9.847954840377036723e-01 1.719930431115394287e-01 -1.380809422494714278e-01 -1.737177336083146062e-01 9.750670758555479711e-01
9.900028860283546228e-01 6.104377603044795547e-05 1.410470911759126311e-01 -2.456205437917535067e-02 9.847952855999471122e-01 1.719736925950967332e-01 -1.388920125140507555e-01 -1.737188583135861331e-01 9.749516742516117773e-01
9.898853340405051604e-01 6.168381377377382940e-05 1.418697347802722053e-01 -2.470559999879684901e-02 9.847952606338208348e-01 1.719532726116729526e-01 -1.397020357053436468e-01 -1.737189996179807350e-01 9.748359094696454896e-01
9.897669557830758302e-01 6.232720891517410213e-05 1.426932701819606242e-01 -2.484930407803474101e-02 9.847952353811744164e-01 1.719327090968282012e-01 -1.405129365102741890e-01 -1.737191425429454594e-01 9.747193309806693184e-01
9.896478923846062647e-01 6.297386856194870405e-05 1.435167068079484520e-01 -2.499299444567733633e-02 9.847952098535992516e-01 1.719120265660426528e-01 -1.413237394330658925e-01 -1.737192870227635133e-01 9.746020777676177582e-01
9.895281439277185953e-01 6.362052466772253429e-05 1.443400440882331714e-01 -2.513680988731668842e-02 9.847950104126529380e-01 1.718921995176972972e-01 -1.421344193489147423e-01 -1.737204173917729078e-01 9.744839780199442414e-01
