1.000000000000000000e+00 0.000000000000000000e+00 0.000000000000000000e+00 0.000000000000000000e+00 9.848077400232231327e-01 1.736482513311081999e-01 0.000000000000000000e+00 -1.736482513311081999e-01 9.848077400232231327e-01
9.999998750614946808e-01 2.402049699891463874e-08 4.998769791820381961e-04 -8.682641888995691300e-05 9.848077400211378007e-01 1.736482296357552968e-01 -4.922785470400774807e-04 -1.736482513429330188e-01 9.848076169828163806e-01
9.999994999700397846e-01 5.391907303883462236e-08 1.000029833318341350e-03 -1.737065317816844224e-04 9.848077400138584014e-01 1.736481645017802500e-01 -9.848277571486065834e-04 -1.736482513842094733e-01 9.848072475898494993e-01
9.999988747751951124e-01 9.609819186780943061e-08 1.500149437331296494e-03 -2.605944422195268992e-04 9.848075663494412213e-01 1.736490407443343487e-01 -1.477341829179882595e-03 -1.736492362807322276e-01 9.848064582445822390e-01
9.999979998006544024e-01 1.221217557316561522e-07 2.000098666466923383e-03 -3.474358723037547243e-04 9.848075663320572382e-01 1.736488888056741953e-01 -1.969691093840101898e-03 -1.736492363793052940e-01 9.848055965630369002e-01
9.999968751016163893e-01 1.434535517208282619e-07 2.499957395959144946e-03 -4.342569667723747721e-04 9.848075663121935719e-01 1.736486935025458589e-01 -2.461952048476859570e-03 -1.736492364919400289e-01 9.848044889509172117e-01
9.999955006933332058e-01 1.690972391762428754e-07 2.999765501036945163e-03 -5.210764710024642270e-04 9.848073926366518460e-01 1.736494396406466634e-01 -2.954161877956745785e-03 -1.736502214457862903e-01 9.848029617742973807e-01
9.999938767911005222e-01 1.918468252746214333e-07 3.499482857294335288e-03 -6.078749046954122276e-04 9.848073926081494234e-01 1.736491576496658751e-01 -3.446283274129344296e-03 -1.736502216074067295e-01 9.848013625433775786e-01
9.999920036502218945e-01 2.048443619797362396e-07 3.999079340620201317e-03 -6.946466832223810580e-04 9.848072189317625957e-01 1.736498171777699218e-01 -3.938286632537639498e-03 -1.736512065602927868e-01 9.847993442110705153e-01
9.999898811361173090e-01 2.153808205687436840e-07 4.498624826281192451e-03 -7.814037360498170834e-04 9.848072189057592851e-01 1.736494486006368021e-01 -4.430240803309654259e-03 -1.736512067077494448e-01 9.847972539438598627e-01
9.999875091743024580e-01 2.306881184789331397e-07 4.998149189559288746e-03 -8.681618194652359006e-04 9.848072188737866384e-01 1.736490367066082507e-01 -4.922173344116599972e-03 -1.736512068890525562e-01 9.847949180187446361e-01
9.999848875754339117e-01 2.504332152897341467e-07 5.497692305345893739e-03 -9.549329439739088305e-04 9.848070451832197092e-01 1.736495662550539554e-01 -5.414122626935001688e-03 -1.736521919165811834e-01 9.847921626001840956e-01
9.999820162502198739e-01 2.756780421859163556e-07 5.997264048642787261e-03 -1.041709533978290875e-03 9.848070451351951249e-01 1.736490676431418911e-01 -5.906100015404445146e-03 -1.736521921888970477e-01 9.847893348988900897e-01
9.999788949595075360e-01 3.102774514436257913e-07 6.496894293875202404e-03 -1.128505495841832787e-03 9.848070450722294922e-01 1.736485256241740716e-01 -6.398133392475889754e-03 -1.736521925459258708e-01 9.847862610298159236e-01
9.999755235441755152e-01 3.561832816822620574e-07 6.996592915508784497e-03 -1.215324466630474977e-03 9.848070449895129919e-01 1.736479401705190162e-01 -6.890232143623579650e-03 -1.736521930149356741e-01 9.847829408362588355e-01
9.999719019001278575e-01 4.113824406103243809e-07 7.496359788055747576e-03 -1.302164442136402979e-03 9.848070448867201065e-01 1.736473112641004068e-01 -7.382396494828105844e-03 -1.736521935977674291e-01 9.847793742157056052e-01
9.999680300832405333e-01 4.753488026525253571e-07 7.996174786563153142e-03 -1.389029284214969226e-03 9.848068711094730698e-01 1.736476236900958148e-01 -7.874605329209713109e-03 -1.736531791109612310e-01 9.847753875760530962e-01
9.999639079345468140e-01 5.480382194548467671e-07 8.496047785220513238e-03 -1.475905407263034506e-03 9.848068709609225646e-01 1.736469078658922915e-01 -8.366871069755289769e-03 -1.736531799531944031e-01 9.847713280557296445e-01
9.999595356349784137e-01 6.264386505321130487e-07 8.995948659586508814e-03 -1.562791996233251499e-03 9.848068707908168573e-01 1.736461486021965428e-01 -8.859163270583230929e-03 -1.736531809176186658e-01 9.847670221851145822e-01
9.999549132355957104e-01 7.085600518795557431e-07 9.495867284783269732e-03 -1.649685333142750059e-03 9.848068706009498463e-01 1.736453459078754480e-01 -9.351472306214045002e-03 -1.736531819940597687e-01 9.847624700144924637e-01
9.999500408075165936e-01 7.936423482883580721e-07 9.995793536083385361e-03 -1.736592755134710097e-03 9.848066967379963677e-01 1.736454845528636326e-01 -9.843786601135166153e-03 -1.736541679873135624e-01 9.847574979689086572e-01
9.999449185468730628e-01 8.835933277148260709e-07 1.049570728948574956e-02 -1.823493451351838532e-03 9.848066965050575883e-01 1.736445950510065173e-01 -1.033608939203693212e-02 -1.736541693078931248e-01 9.847524535323918249e-01
9.999395446006739130e-01 9.780718667001136153e-07 1.099577840991832790e-02 -1.910425935197936770e-03 9.848066962478128072e-01 1.736436618429077483e-01 -1.082854637256421872e-02 -1.736541707662425937e-01 9.847471612342661995e-01
9.999339217191566265e-01 1.076378870035001927e-06 1.149574678691455548e-02 -1.997355669929001733e-03 9.848065223118530609e-01 1.736436701476946065e-01 -1.132089950822152274e-02 -1.736551571675168104e-01 9.847414501398069619e-01
9.999280476545745477e-01 1.177775250210961791e-06 1.199581228277897538e-02 -2.084294485342707420e-03 9.848065220070121306e-01 1.736426500861777966e-01 -1.181334966083690680e-02 -1.736551588956264380e-01 9.847356653227939960e-01
9.999219247575523717e-01 1.281389947358257437e-06 1.249577478629827071e-02 -2.171229907573138818e-03 9.848063480240978329e-01 1.736425715431784700e-01 -1.230569582918039293e-02 -1.736561455572403212e-01 9.847294618119041276e-01
9.999155518800431075e-01 1.385173014864791029e-06 1.299573416587393622e-02 -2.258153141380024598e-03 9.848063476784465475e-01 1.736414648539586492e-01 -1.279804097582293819e-02 -1.736561475166363833e-01 9.847231857617964046e-01
9.999089290236413685e-01 1.488334443584918506e-06 1.349569029651612705e-02 -2.345075200409712547e-03 9.848063473162155246e-01 1.736403147543735259e-01 -1.329038303056169663e-02 -1.736561495700003899e-01 9.847166635308974847e-01
9.999020575895651852e-01 1.588944359716915580e-06 1.399554306303012370e-02 -2.431990580991221472e-03 9.848061732856436823e-01 1.736401061975623439e-01 -1.378262130248976945e-02 -1.736571364959183239e-01 9.847097228595187435e-01
9.998949377294880092e-01 1.687292710571980544e-06 1.449529234256414188e-02 -2.518872474278528034e-03 9.848061728999569775e-01 1.736388697832330075e-01 -1.427476039734738682e-02 -1.736571386822127472e-01 9.847027111774929731e-01
9.998875665961038939e-01 1.784669320992283137e-06 1.499513798993036551e-02 -2.605770147263474293e-03 9.848061724996842736e-01 1.736375897335075691e-01 -1.476699456428856583e-02 -1.736571409511777631e-01 9.846954520399701094e-01
9.998799486897770317e-01 1.882783942184562531e-06 1.549477991402210125e-02 -2.692648430035538606e-03 9.848059984229314834e-01 1.736372515177699305e-01 -1.525902528214319667e-02 -1.736581281330309146e-01 9.846877762421807345e-01
9.998720795138891226e-01 1.979266778841918800e-06 1.599451795627401460e-02 -2.779527032277520886e-03 9.848059979912696660e-01 1.736358849716737596e-01 -1.575115354657897690e-02 -1.736581305798896024e-01 9.846800266307071947e-01
9.998639638687473186e-01 2.073177934526263803e-06 1.649405203030233566e-02 -2.866367682833983240e-03 9.848059975502877483e-01 1.736344756241960663e-01 -1.624308138818470609e-02 -1.736581330795787248e-01 9.846720342948367399e-01
9.998555969580394942e-01 2.164267428066813301e-06 1.699368197297250124e-02 -2.953222204603610235e-03 9.848059971012910196e-01 1.736330226424182277e-01 -1.673510413152007673e-02 -1.736581356247044183e-01 9.846637945111311740e-01
9.998469821326281259e-01 2.252505273701301772e-06 1.749320768762071057e-02 -3.040073046659095765e-03 9.848058229865481739e-01 1.736325112634682366e-01 -1.722702168533461753e-02 -1.736591230160790256e-01 9.846551369475200488e-01
9.998381195445205094e-01 2.338561371331725731e-06 1.799262905214970773e-02 -3.126886885389035687e-03 9.848058225219705752e-01 1.736309721945681062e-01 -1.771883980635055589e-02 -1.736591256495207125e-01 9.846464090192788010e-01
9.998290074965514584e-01 2.423975447489313548e-06 1.849204592751335294e-02 -3.213699314258847660e-03 9.848058220445112809e-01 1.736293898046978590e-01 -1.821065361755179468e-02 -1.736591283559793808e-01 9.846374354215174929e-01
9.998196459909913791e-01 2.509997230283357098e-06 1.899145818910701056e-02 -3.300530245098210261e-03 9.848056478905882205e-01 1.736287487223817372e-01 -1.870245947863215935e-02 -1.736601159636221858e-01 9.846280425282185611e-01
9.998100350301717398e-01 2.598246330440157379e-06 1.949086571232720028e-02 -3.387344338535830043e-03 9.848056473737992755e-01 1.736270796823016771e-01 -1.919426349978152480e-02 -1.736601188929722817e-01 9.846185775998641532e-01
9.998001746164865144e-01 2.689922377805162873e-06 1.999026837257162834e-02 -3.474160965352045705e-03 9.848056468297742283e-01 1.736253673222227234e-01 -1.968606213619026463e-02 -1.736601219766767956e-01 9.846088670089335748e-01
9.997900647523916273e-01 2.786214952459177966e-06 2.048966604523919793e-02 -3.560981275827334452e-03 9.848056462533825162e-01 1.736236116425721177e-01 -2.017785505849491873e-02 -1.736601252438063625e-01 9.845989107578495547e-01
9.997797033414996815e-01 2.886334010163828586e-06 2.098915858370051582e-02 -3.647842502247370094e-03 9.848054719856317307e-01 1.736227968679108780e-01 -2.066973709221892053e-02 -1.736611134906894671e-01 9.845885331597724610e-01
9.997690923854152256e-01 2.991099172916686164e-06 2.148864588326459754e-02 -3.734687220367069634e-03 9.848054713437472962e-01 1.736209541581487381e-01 -2.116161672011488207e-02 -1.736611171289453581e-01 9.845780834323490938e-01
9.997582318867843654e-01 3.100720163459847619e-06 2.198812781925934406e-02 -3.821535793198156932e-03 9.848054706650974932e-01 1.736190681125695245e-01 -2.165349022194476558e-02 -1.736611209755404006e-01 9.845673879540836060e-01
9.997471218483150457e-01 3.215676619964976327e-06 2.248760426701397822e-02 -3.908410817152226276e-03 9.848052962849235259e-01 1.736181232880039949e-01 -2.214535348317495100e-02 -1.736621098536569319e-01 9.845562731100145903e-01
9.997357599740699374e-01 3.334688608909075349e-06 2.298717507543522609e-02 -3.995284572793097663e-03 9.848052955301205280e-01 1.736161501618277425e-01 -2.263731278776834333e-02 -1.736621141317580830e-01 9.845450838763235568e-01
9.997241484656888000e-01 3.458855606116875869e-06 2.348674014395690443e-02 -4.082162413226501918e-03 9.848052947335813601e-01 1.736141336836840576e-01 -2.312926554358092288e-02 -1.736621186463541966e-01 9.845336488016415144e-01
9.997122849274303613e-01 3.589257019467525903e-06 2.398639931906619213e-02 -4.169086362894463410e-03 9.848051202267804616e-01 1.736130579594033774e-01 -2.362130572333359657e-02 -1.736631082361295986e-01 9.845217919140699658e-01
9.997001716609719146e-01 3.724832854617434780e-06 2.448605250237208958e-02 -4.255991244034596117e-03 9.848051193378877244e-01 1.736109543330127680e-01 -2.411334318492570905e-02 -1.736631132739890893e-01 9.845098627075462572e-01
9.996878061707560326e-01 3.867242293800552019e-06 2.498579953784196839e-02 -4.342919159892124487e-03 9.848051183956655352e-01 1.736088069046896332e-01 -2.460547188475418687e-02 -1.736631186140097094e-01 9.844976851098151682e-01
9.996751934070611245e-01 4.014705573496274556e-06 2.548544036184120440e-02 -4.429858711351142980e-03 9.848049437427313091e-01 1.736076010192907915e-01 -2.509749067839834799e-02 -1.736641090258949638e-01 9.844850903888233695e-01
9.996623309244370148e-01 4.164433324682347365e-06 2.598507481957655629e-02 -4.516774787256564935e-03 9.848049427175309400e-01 1.736053672691088567e-01 -2.558950715122704223e-02 -1.736641148360203446e-01 9.844724233527210044e-01
9.996492187261015738e-01 4.314995849150204203e-06 2.648470278623930863e-02 -4.603690563132241918e-03 9.848049416624448105e-01 1.736030901523001047e-01 -2.608151708573618749e-02 -1.736641208154681704e-01 9.844595103953727167e-01
9.996358568153365098e-01 4.465003507156780440e-06 2.698432413702238700e-02 -4.690631221943057476e-03 9.848047669191556386e-01 1.736017541156980870e-01 -2.657351590979030453e-02 -1.736651117333913863e-01 9.844461779187426709e-01
9.996222479438738873e-01 4.613256674293729542e-06 2.748383878489569707e-02 -4.777525545270444596e-03 9.848047658228529233e-01 1.735993907312472495e-01 -2.706541455992430428e-02 -1.736651179463332140e-01 9.844327758376321125e-01
9.996083894666391023e-01 4.759445420887369213e-06 2.798334657005213666e-02 -4.864416648086115902e-03 9.848047647108131297e-01 1.735969839990137986e-01 -2.755730680937076155e-02 -1.736651242484446023e-01 9.844191279435738906e-01
9.995942842353746638e-01 4.903249866842055953e-06 2.848274740833627722e-02 -4.951286834138391227e-03 9.848047635852436033e-01 1.735945344142451885e-01 -2.804909415034706824e-02 -1.736651306272235518e-01 9.844052370449755118e-01
9.995799295052105737e-01 5.045239753030263736e-06 2.898214113732225719e-02 -5.038182543929892870e-03 9.848045887781837759e-01 1.735930258912675994e-01 -2.854086976621685728e-02 -1.736661219005532497e-01 9.843909268461438211e-01
9.995653282278770257e-01 5.185704940279620704e-06 2.948142767582864407e-02 -5.125030092387065049e-03 9.848045876199623683e-01 1.735904901462865801e-01 -2.903254503567983744e-02 -1.736661284643161163e-01 9.843765474415605565e-01
9.995504775587423785e-01 5.323725789585509630e-06 2.998070685871160809e-02 -5.211873960499283955e-03 9.848045864500626356e-01 1.735879110904357536e-01 -2.952421348503500922e-02 -1.736661350942638460e-01 9.843619224347877061e-01
9.995353775015153319e-01 5.458922482863701257e-06 3.047997856140087156e-02 -5.298713752407193008e-03 9.848045852711344583e-01 1.735852887243586051e-01 -3.001587505759814589e-02 -1.736661417753876946e-01 9.843470518294742400e-01
9.995200311578780195e-01 5.592294583986058323e-06 3.097914270732506428e-02 -5.385563580448086626e-03 9.848044104119837439e-01 1.735836079185645309e-01 -3.050742563828553675e-02 -1.736671333379785631e-01 9.843317650970596633e-01
9.995044323857416035e-01 5.724941497793010133e-06 3.147839907748346822e-02 -5.472398699859807106e-03 9.848044092001487781e-01 1.735808989273170400e-01 -3.099907246557612531e-02 -1.736671402055401103e-01 9.843164033577328498e-01
9.994885874347435584e-01 5.858162529196103378e-06 3.197754764491500534e-02 -5.559215668685718072e-03 9.848044079621532942e-01 1.735781471829380140e-01 -3.149061302753435737e-02 -1.736671472213285050e-01 9.843007991803904844e-01
9.994724932109072535e-01 5.993406768685569052e-06 3.247668823713482228e-02 -5.646065233776102234e-03 9.848042330219161089e-01 1.735763364329702407e-01 -3.198213973687378392e-02 -1.736681392374398725e-01 9.842847759422352905e-01
9.994561497182393728e-01 6.131703456844317285e-06 3.297582072965705990e-02 -5.732884915099089977e-03 9.848042317082903452e-01 1.735734980922901682e-01 -3.247366349740196667e-02 -1.736681466816705488e-01 9.842686808017470090e-01
9.994395569608031105e-01 6.274911297691865462e-06 3.347494499799791995e-02 -5.819708013381935142e-03 9.848042303420156962e-01 1.735706164623180836e-01 -3.296517830427246609e-02 -1.736681544241650277e-01 9.842523401843005226e-01
9.994227115453248045e-01 6.422830032742914213e-06 3.397416085994694329e-02 -5.906585123593933485e-03 9.848040552542260961e-01 1.735686751894151836e-01 -3.345677658663540749e-02 -1.736691472702570349e-01 9.842355771800030961e-01
9.994056202209106177e-01 6.576029016811282679e-06 3.447326830477265291e-02 -5.993415649557645719e-03 9.848040537777988934e-01 1.735657069575264055e-01 -3.394827300038453372e-02 -1.736691556367167266e-01 9.842187455747433145e-01
9.993882761470794795e-01 6.734457849981120327e-06 3.497246709078081356e-02 -6.080267199019900697e-03 9.848040522427876642e-01 1.735626948309265116e-01 -3.443985845727581124e-02 -1.736691643350421477e-01 9.842016650608811368e-01
9.993706827255660619e-01 6.898356011759327431e-06 3.547165715114987405e-02 -6.167122629835589641e-03 9.848040506464597055e-01 1.735596394003917631e-01 -3.493143436941299057e-02 -1.736691733807071980e-01 9.841843389884626925e-01
9.993528363636589029e-01 7.069012229891515512e-06 3.597093829661561493e-02 -6.254035969521493273e-03 9.848038753095219588e-01 1.735575242086589420e-01 -3.542309255276553104e-02 -1.736701676321421861e-01 9.841665902623506490e-01
9.993347405630603753e-01 7.245136895819504374e-06 3.647021046372957848e-02 -6.340918215231335434e-03 9.848038735778488206e-01 1.735543815126890377e-01 -3.591474710962735961e-02 -1.736701774444082691e-01 9.841487694482370374e-01
9.993163953282913070e-01 7.425770236361911917e-06 3.696947352787337271e-02 -6.427803331342186489e-03 9.848038717865174041e-01 1.735511954975186011e-01 -3.640639191685684367e-02 -1.736701875945962648e-01 9.841307029904381443e-01
9.992977969170505625e-01 7.610901845916648965e-06 3.746882729421072838e-02 -6.514745539282487327e-03 9.848036962635935421e-01 1.735489496255233910e-01 -3.689811874997988433e-02 -1.736711828935308122e-01 9.841122136550659594e-01
9.992789527778301872e-01 7.797673452369513621e-06 3.796807177668364008e-02 -6.601633986332414161e-03 9.848036943684138622e-01 1.735456769471203087e-01 -3.738974410120524811e-02 -1.736711936318744709e-01 9.840936558775930099e-01
9.992598592183883355e-01 7.985075542585513649e-06 3.846730678231995854e-02 -6.688521417805464060e-03 9.848036924364962363e-01 1.735423609516894006e-01 -3.788136000845413603e-02 -1.736712045783107283e-01 9.840748524701911082e-01
9.992405201401470816e-01 8.172118723259966605e-06 3.896643226245872366e-02 -6.775389483204788399e-03 9.848036904745244291e-01 1.735390023167927842e-01 -3.837286811536488179e-02 -1.736712156949832830e-01 9.840558072749875373e-01
9.992209278045598442e-01 8.358772835349183560e-06 3.946564794255608827e-02 -6.862311703948052906e-03 9.848035148107968650e-01 1.735365837348958606e-01 -3.886445825523266590e-02 -1.736722117853964076e-01 9.840363391349405964e-01
9.992010900597282363e-01 8.544408329570617216e-06 3.996475385191280982e-02 -6.949175493082902777e-03 9.848035127935057531e-01 1.735331384765965712e-01 -3.935594724329766897e-02 -1.736722232153558587e-01 9.840168028545135392e-01
9.991810030139589571e-01 8.728515512820980644e-06 4.046384979005365062e-02 -7.036036053596025908e-03 9.848035107546541100e-01 1.735296499217367783e-01 -3.984742667565253221e-02 -1.736722347674522215e-01 9.839970210616532098e-01
9.991606666722653296e-01 8.910994422739520950e-06 4.096293563245406721e-02 -7.122893265380660088e-03 9.848035086953511597e-01 1.735261180711868134e-01 -4.033889644703225752e-02 -1.736722464354038542e-01 9.839769937612952155e-01
9.991400851859191246e-01 9.091745145206171517e-06 4.146191134058369726e-02 -7.209770486330598950e-03 9.848033329441485684e-01 1.735235276025438866e-01 -4.083025084675195177e-02 -1.736732430152570783e-01 9.839565515185895173e-01
9.991192545136613479e-01 9.271117307482170378e-06 4.196087670809793557e-02 -7.296604223322200947e-03 9.848033308442796230e-01 1.735199098801646356e-01 -4.132160242384132209e-02 -1.736732549129503533e-01 9.839360374033808698e-01
9.990981789066593066e-01 9.449780296816435814e-06 4.245973170073694819e-02 -7.383418101829429536e-03 9.848033287185807838e-01 1.735162496192694803e-01 -4.181284542494675960e-02 -1.736732669569635290e-01 9.839152820756290607e-01
9.990768499281085235e-01 9.627813870768735002e-06 4.295867601582947087e-02 -7.470289186817817041e-03 9.848031528925410560e-01 1.735135292488048930e-01 -4.230416902851437400e-02 -1.736742639547257661e-01 9.838941037137031165e-01
9.990552761251541014e-01 9.806546760809764604e-06 4.345750971148555630e-02 -7.557099946470067532e-03 9.848031507041342669e-01 1.735097824435533898e-01 -4.279539095383150249e-02 -1.736742763538740297e-01 9.838728577646945750e-01
9.990334532571949477e-01 9.986058669724593364e-06 4.395633257316340636e-02 -7.643909602537479926e-03 9.848031484786419210e-01 1.735059923822289962e-01 -4.328660207260612985e-02 -1.736742889630831232e-01 9.838513665357055960e-01
9.990113768841378805e-01 1.016773799200246215e-05 4.445524437764413611e-02 -7.730736852514755175e-03 9.848031462049372520e-01 1.735021582937061047e-01 -4.377790040392671306e-02 -1.736743018453627829e-01 9.838296256541321227e-01
9.989890558526373088e-01 1.035212399054908863e-05 4.495404519606579358e-02 -7.817591774864190643e-03 9.848029702037746080e-01 1.734992655219755597e-01 -4.426908114585136750e-02 -1.736752998288960126e-01 9.838074703334210858e-01
9.989664812273212346e-01 1.053999544717245082e-05 4.545293470407053144e-02 -7.904421769276118517e-03 9.848029678175266310e-01 1.734953448778528418e-01 -4.476035635243979377e-02 -1.736753133485015588e-01 9.837852387754668637e-01
9.989436620545041334e-01 1.073225112806169480e-05 4.595171298173125751e-02 -7.991236778908153773e-03 9.848029653636592995e-01 1.734913817619960774e-01 -4.525152125487107851e-02 -1.736753272510578039e-01 9.837627663864688676e-01
9.989205891994054065e-01 1.092929005892572046e-05 4.645057969566681461e-02 -8.078117617518108806e-03 9.848027891615935836e-01 1.734883583278822861e-01 -4.574276433787555218e-02 -1.736763263663092249e-01 9.837398706826072647e-01
9.988972672130616015e-01 1.113141147710296604e-05 4.694943482481130775e-02 -8.164956215106166509e-03 9.848027865594667363e-01 1.734843078630307345e-01 -4.623400311765060722e-02 -1.736763411083994124e-01 9.837169031255466045e-01
9.988736913564523201e-01 1.133871470791979017e-05 4.744837813211948141e-02 -8.251815248083379378e-03 9.848027838791103550e-01 1.734802133070685037e-01 -4.672532783241380855e-02 -1.736763562935036975e-01 9.836936855564162308e-01
9.988498710752410359e-01 1.155069990962896325e-05 4.794720971605881399e-02 -8.338659505984542461e-03 9.848027811237302087e-01 1.734760763004785655e-01 -4.721654170539861528e-02 -1.736763719034559450e-01 9.836702272773304445e-01
9.988258016804207884e-01 1.176706688756125103e-05 4.844602934194704169e-02 -8.425553727931554132e-03 9.848026046175578641e-01 1.734728796753305935e-01 -4.770773461234976281e-02 -1.736773727346487550e-01 9.836463501981530522e-01
9.988014782835125116e-01 1.198701606204725829e-05 4.894493676552643530e-02 -8.512419527052544205e-03 9.848026017197941684e-01 1.734686552657851433e-01 -4.819902169614430354e-02 -1.736773891507924217e-01 9.836223964536893183e-01
9.987769106296889854e-01 1.220954834460082480e-05 4.944373209964129934e-02 -8.599268419318706683e-03 9.848025987616504384e-01 1.734643884344915787e-01 -4.869019794236492671e-02 -1.736774059088475319e-01 9.835982021644339435e-01
9.987520888862236879e-01 1.243366450560470905e-05 4.994261497768098107e-02 -8.686134091617777470e-03 9.848025957507167139e-01 1.734600774737314610e-01 -4.918146012419043200e-02 -1.736774229658376578e-01 9.835737576470806598e-01
9.987270229979595682e-01 1.265786629015388373e-05 5.044138552232395323e-02 -8.773030025297392023e-03 9.848024190222325336e-01 1.734567076596762736e-01 -4.967260288940496260e-02 -1.736784250496807847e-01 9.835488992391043794e-01
9.987017080267828195e-01 1.288115476067292767e-05 5.094014348686747018e-02 -8.859873706314169359e-03 9.848024159406691957e-01 1.734523110117857092e-01 -5.016374210816969270e-02 -1.736784425065382997e-01 9.835239689942528729e-01
9.986761491228992593e-01 1.310293068008903148e-05 5.143878887930646016e-02 -8.946696358851438657e-03 9.848024128339433192e-01 1.734478719982056882e-01 -5.065477072615340998e-02 -1.736784601058997957e-01 9.834987985238844432e-01
9.986503360548005803e-01 1.332249480892939731e-05 5.193752131306432485e-02 -9.033531961966835208e-03 9.848024097083194484e-01 1.734433888419484870e-01 -5.114588544473545884e-02 -1.736784778123021955e-01 9.834733777519732989e-01
9.986242844101633764e-01 1.353984736100489046e-05 5.243604106873009374e-02 -9.120328461053811911e-03 9.848024065650665682e-01 1.734388642502472655e-01 -5.163679109948164647e-02 -1.736784956185587758e-01 9.834477220293016408e-01
9.985979786142410441e-01 1.375518785729181844e-05 5.293464761709926886e-02 -9.207190192278398577e-03 9.848022297232179589e-01 1.734352789398438399e-01 -5.212777336808928352e-02 -1.736794983380970103e-01 9.834216425830336616e-01
9.985714238673331078e-01 1.396901564939133167e-05 5.343324096883513702e-02 -9.293996517536984303e-03 9.848022265368743255e-01 1.734306669443060056e-01 -5.261875202148954406e-02 -1.736795163883219084e-01 9.833954914086293631e-01
9.985446255692290718e-01 1.418192990006309649e-05 5.393172114517583160e-02 -9.380782300308030883e-03 9.848022233220581345e-01 1.734260126490992093e-01 -5.310961937580017250e-02 -1.736795345998029538e-01 9.833691003844657885e-01
9.985175784331192794e-01 1.439522852223620081e-05 5.443018788169737276e-02 -9.467619743256305495e-03 9.848020463864128882e-01 1.734222984783975741e-01 -5.360046395747505854e-02 -1.736805378443730674e-01 9.833422908822911923e-01
9.984902769728277727e-01 1.461210641231886407e-05 5.492874090320952474e-02 -9.554422607833183007e-03 9.848020430590810337e-01 1.734175567677351537e-01 -5.409140226835040116e-02 -1.736805566928724121e-01 9.833154043477083661e-01
9.984627321310398651e-01 1.483316234962995897e-05 5.542718038468698316e-02 -9.641209888971069911e-03 9.848020396538190724e-01 1.734127727866506263e-01 -5.458222803528765127e-02 -1.736805759826210438e-01 9.832882781306043762e-01
9.984349384715914821e-01 1.505849558666417694e-05 5.592560605367591364e-02 -9.728054078841493965e-03 9.848018624872243443e-01 1.734089288518131933e-01 -5.507302972479703046e-02 -1.736815805286668346e-01 9.832607334690001144e-01
9.984068903590008759e-01 1.528800566912802238e-05 5.642411762665763830e-02 -9.814862742525307451e-03 9.848018589210513207e-01 1.734040574351917441e-01 -5.556392492449938048e-02 -1.736816007293771058e-01 9.832331116348075328e-01
9.983785933429626391e-01 1.552219134339106056e-05 5.692261513307948773e-02 -9.901673591686045370e-03 9.848018552684464355e-01 1.733991427888546821e-01 -5.605480545511527801e-02 -1.736816214194451813e-01 9.832052446801236023e-01
9.983500474305186945e-01 1.576165104512834114e-05 5.742109844866578189e-02 -9.988487195620454617e-03 9.848018515221947933e-01 1.733941849140272773e-01 -5.654567109004842579e-02 -1.736816426397082280e-01 9.831771326118955434e-01
9.983212526287704724e-01 1.600708296602145435e-05 5.791956744914439348e-02 -1.007536125862262648e-02 9.848016739917085927e-01 1.733901669606342788e-01 -5.703651151000504321e-02 -1.736826492396453259e-01 9.831486020474561327e-01
9.982922089449083325e-01 1.625748811176773749e-05 5.841802201024676178e-02 -1.016218119210984643e-02 9.848016700498809506e-01 1.733851226039426485e-01 -5.752734683013221995e-02 -1.736826715670264365e-01 9.831199997782702482e-01
9.982629163861954646e-01 1.651126863853334250e-05 5.891646200770792041e-02 -1.024900194448291092e-02 9.848016660296747826e-01 1.733800350222558795e-01 -5.801816721742998617e-02 -1.736826943381369337e-01 9.830911524167916804e-01
9.982333749599640038e-01 1.676652741407922895e-05 5.941488731726653899e-02 -1.033582162303668325e-02 9.848016619498454194e-01 1.733749042168423460e-01 -5.850897287952241260e-02 -1.736827174468031088e-01 9.830620599702122320e-01
9.982035846735943796e-01 1.702226591073036926e-05 5.991329781466494392e-02 -1.042263922138817779e-02 9.848016578204266125e-01 1.733697301889811082e-01 -5.899976386772282783e-02 -1.736827408362206782e-01 9.830327224457845459e-01
9.981735455345267516e-01 1.727768535344631807e-05 6.041169337564916003e-02 -1.050951342065035120e-02 9.848014799664415175e-01 1.733654959430152576e-01 -5.949052968912811601e-02 -1.736837492610867617e-01 9.830029664858183081e-01
9.981432575502555693e-01 1.753248613499910856e-05 6.091007387596891753e-02 -1.059632541349436567e-02 9.848014757576393219e-01 1.733602354443114779e-01 -5.998129120563672895e-02 -1.736837730998140872e-01 9.829731388329575603e-01
9.981127268691620813e-01 1.778716728487291917e-05 6.140833938010533538e-02 -1.068311733500690829e-02 9.848014715059127955e-01 1.733549327933745499e-01 -6.047193949107297628e-02 -1.736837971815609893e-01 9.829430721719251141e-01
9.980819474576873018e-01 1.804132928421011022e-05 6.190658958124459904e-02 -1.076990610625106967e-02 9.848014672152982651e-01 1.733495869422783109e-01 -6.096257279292566916e-02 -1.736838214834830751e-01 9.829127605608550811e-01
9.980509193234948784e-01 1.829537120926017575e-05 6.240482435522243937e-02 -1.085675355276772593e-02 9.848012891972471872e-01 1.733451807744723072e-01 -6.145318006272121325e-02 -1.736848308307878952e-01 9.828820306626117054e-01
9.980196424743225103e-01 1.854899347323506702e-05 6.290304357787843137e-02 -1.094353694178375885e-02 9.848012848237231998e-01 1.733397484962633239e-01 -6.194378285695381625e-02 -1.736848556019748302e-01 9.828512291796209777e-01
9.979881169179551925e-01 1.880269491782921696e-05 6.340124712505602889e-02 -1.103031770670323715e-02 9.848012804050039204e-01 1.733342730216789751e-01 -6.243437019657482184e-02 -1.736848806290386960e-01 9.828201827694797998e-01
9.979563426622397593e-01 1.905697432179455518e-05 6.389943487260260624e-02 -1.111709631836349521e-02 9.848012759355072587e-01 1.733287543520837248e-01 -6.292494187247597848e-02 -1.736849059435749965e-01 9.827888914399250941e-01
9.979243197150842182e-01 1.931233039969711447e-05 6.439760669636944435e-02 -1.120393666309460294e-02 9.848010977240536645e-01 1.733241752461214258e-01 -6.341548647164788055e-02 -1.736859163793447736e-01 9.827571818750711063e-01
9.978920545740195269e-01 1.956976087396536691e-05 6.489566268300664409e-02 -1.129069603183424989e-02 9.848010931302304538e-01 1.733185712859990069e-01 -6.390592774664055620e-02 -1.736859423975574968e-01 9.827254071266874336e-01
9.978595343177317778e-01 1.983056231406034412e-05 6.539380229003582956e-02 -1.137747327247775296e-02 9.848010884526290365e-01 1.733129230162916146e-01 -6.439645078056360772e-02 -1.736859688900222465e-01 9.826933811406285413e-01
9.978267719832697447e-01 2.009453488494713654e-05 6.589182581821108331e-02 -1.146423350336338472e-02 9.848010836933444034e-01 1.733072327013348013e-01 -6.488685894407404675e-02 -1.736859958448691843e-01 9.826611167557959270e-01
9.977937544502202272e-01 2.036227648801865685e-05 6.638993271205530233e-02 -1.155107733317445144e-02 9.848009051574064809e-01 1.733024806908306237e-01 -6.537733699514348962e-02 -1.736870081109418706e-01 9.826284277492144392e-01
9.977604882661834651e-01 2.063378667633496179e-05 6.688802306148612653e-02 -1.163785714484635338e-02 9.848009002171767001e-01 1.732967028322081326e-01 -6.586780955750085043e-02 -1.736870360898744581e-01 9.825956671787289265e-01
9.977269734394484946e-01 2.090896509464207115e-05 6.738609674237915070e-02 -1.172463770519350384e-02 9.848008951863524985e-01 1.732908817879373065e-01 -6.635826506201060460e-02 -1.736870645816034064e-01 9.825626617447794642e-01
9.976932167667827978e-01 2.118741223173116795e-05 6.788405386129273134e-02 -1.181140127023574786e-02 9.848008900690662371e-01 1.732850187385183149e-01 -6.684860520297192243e-02 -1.736870935627306267e-01 9.825294181408251726e-01
9.976592047295788079e-01 2.146922702541272812e-05 6.838209383615467818e-02 -1.189824991351067125e-02 9.848007111749251807e-01 1.732800938317999584e-01 -6.733901445180212608e-02 -1.736881078497720665e-01 9.824957497741279022e-01
9.976249440749401787e-01 2.175321190900165113e-05 6.888011677015544454e-02 -1.198503091497560291e-02 9.848007058929931778e-01 1.732741432142407556e-01 -6.782941834808520198e-02 -1.736881377626575684e-01 9.824620098543762614e-01
9.975904348114182918e-01 2.203866813039570988e-05 6.937812253918738958e-02 -1.207181041231345647e-02 9.848007005435651662e-01 1.732681494166550817e-01 -6.831980507974649841e-02 -1.736881680575860232e-01 9.824280251044680279e-01
9.975556769476315866e-01 2.232469752040884523e-05 6.987611101914714684e-02 -1.215858749764845217e-02 9.848006951371962581e-01 1.732621124405365198e-01 -6.881017468088801436e-02 -1.736881986748178008e-01 9.823937955328722049e-01
9.975206775296492356e-01 2.261110045764039300e-05 7.037398233386825408e-02 -1.224534462686279607e-02 9.848006896765748586e-01 1.732560335096926529e-01 -6.930042882810197313e-02 -1.736882295991311886e-01 9.823593280785604120e-01
9.974854225411809994e-01 2.289797611825072679e-05 7.087193586691636904e-02 -1.233218631945952846e-02 9.848005104708332791e-01 1.732508925142035860e-01 -6.979075152499615575e-02 -1.736892456430986775e-01 9.823244356878777506e-01
9.974499261156026808e-01 2.318522481176983591e-05 7.136977199364076541e-02 -1.241893871352389191e-02 9.848005048993518917e-01 1.732447272248462677e-01 -7.028097077594089304e-02 -1.736892771947278480e-01 9.822894787863526433e-01
9.974141740375840337e-01 2.347304543471656683e-05 7.186769008351533150e-02 -1.250570593445276234e-02 9.848004992700057914e-01 1.732385175318358894e-01 -7.077127064003486956e-02 -1.736893090738844403e-01 9.822542701181968816e-01
9.973781806397791216e-01 2.376133830442140468e-05 7.236549052609816957e-02 -1.259245321389879275e-02 9.848004935847120001e-01 1.732322659245769392e-01 -7.126145455812538110e-02 -1.736893412697116945e-01 9.822188237982174552e-01
9.973419387941667713e-01 2.405030245351984217e-05 7.286327294237908425e-02 -1.267926980337127918e-02 9.848003141505388136e-01 1.732269533480673973e-01 -7.175160792307025415e-02 -1.736903585999613198e-01 9.821829595802764601e-01
9.973054485097664346e-01 2.434023678116213886e-05 7.336103720836005537e-02 -1.276601296369282539e-02 9.848003083431768889e-01 1.732206154018471056e-01 -7.224175583237399390e-02 -1.736903914865087772e-01 9.821470239325266194e-01
9.972687097956725033e-01 2.463094150702581825e-05 7.385878320004760078e-02 -1.285275373781534329e-02 9.848003024751063039e-01 1.732142343062321455e-01 -7.273188560617678544e-02 -1.736904247166663195e-01 9.821108436311627443e-01
9.972317226610204477e-01 2.492301466427781316e-05 7.435651079345283188e-02 -1.293949269508350847e-02 9.848002965383584328e-01 1.732078100628119954e-01 -7.322199701815983175e-02 -1.736904583355246001e-01 9.820744186851971813e-01
9.971944871150154599e-01 2.521675503719347330e-05 7.485421986459137034e-02 -1.302623010940268805e-02 9.848002905286645792e-01 1.732013426731869310e-01 -7.371208989411580370e-02 -1.736904923672366874e-01 9.820377491037035611e-01
9.971570107021198170e-01 2.551206269297817466e-05 7.535181057378277647e-02 -1.311302274333503090e-02 9.848001107563209011e-01 1.731958154484998791e-01 -7.420205281624871196e-02 -1.736915116045476271e-01 9.820006691211478067e-01
9.971192784110541885e-01 2.580933569622776997e-05 7.584948223222663655e-02 -1.319975769482606767e-02 9.848001045967571532e-01 1.731892617427941150e-01 -7.469210813611136535e-02 -1.736915464842614665e-01 9.819635103516266561e-01
9.970812977366251273e-01 2.610887291159020717e-05 7.634713499650343238e-02 -1.328649162963424502e-02 9.848000983549235476e-01 1.731826648955038794e-01 -7.518214444948495556e-02 -1.736915818295736713e-01 9.819261069742046821e-01
9.970430763727714529e-01 2.641037494329238631e-05 7.684466903834015483e-02 -1.337320691318535926e-02 9.848000920346960951e-01 1.731760262429853647e-01 -7.567206349754887484e-02 -1.736916176185428762e-01 9.818884665658705879e-01
9.970045990098210797e-01 2.671423973456177035e-05 7.734228364623817187e-02 -1.346001471579681003e-02 9.847999119371153576e-01 1.731703249765972341e-01 -7.616204801025440452e-02 -1.736926386897244268e-01 9.818504008798307758e-01
9.969658732920680944e-01 2.702036728410154825e-05 7.783987898811106643e-02 -1.354674576506113490e-02 9.847999054476246350e-01 1.731635986849618114e-01 -7.665202652350960877e-02 -1.736926754363852521e-01 9.818122637905831729e-01
9.969269070628999918e-01 2.732865761747010208e-05 7.833735524731713640e-02 -1.363345829734291699e-02 9.847998988753569050e-01 1.731568306187816486e-01 -7.714188738198270168e-02 -1.736927126514848929e-01 9.817738898457801788e-01
9.968876847143063324e-01 2.763881075455442310e-05 7.883491168921269443e-02 -1.372018662772098337e-02 9.847998922229157515e-01 1.731500180670909883e-01 -7.763182687435825347e-02 -1.736927503202985446e-01 9.817352636746425887e-01
9.968482140400328761e-01 2.795102582007920244e-05 7.933244849326831494e-02 -1.380691361526781465e-02 9.847998854875186225e-01 1.731431623835914813e-01 -7.812174666261273437e-02 -1.736927884585607873e-01 9.816963929524606947e-01
9.968085030329071339e-01 2.826510319617532392e-05 7.982986585469721563e-02 -1.389370033941183559e-02 9.847997049785730539e-01 1.731372466137603983e-01 -7.861153460004224880e-02 -1.736938118506223538e-01 9.816571124138137039e-01
9.967685357865962992e-01 2.858074294185607378e-05 8.032736301526412215e-02 -1.398042437793124877e-02 9.847996980854062388e-01 1.731303046410584690e-01 -7.910141465269654448e-02 -1.736938508814687421e-01 9.816177526745878401e-01
9.967283283267710514e-01 2.889804475844236133e-05 8.082474049338778110e-02 -1.406712930277416798e-02 9.847996911139055287e-01 1.731233209453169053e-01 -7.959117654677244635e-02 -1.736938903555884373e-01 9.815781563732157711e-01
9.966878645482438737e-01 2.921670873216293616e-05 8.132219751485757209e-02 -1.415384942234329015e-02 9.847996840668806762e-01 1.731162927291989562e-01 -8.008101653195474900e-02 -1.736939302570933152e-01 9.815383076493003900e-01
9.966471606757885127e-01 2.953653559771877722e-05 8.181953461418678408e-02 -1.424054989420254873e-02 9.847996769478286616e-01 1.731092228108104536e-01 -8.057073820935098385e-02 -1.736939705661804390e-01 9.814982224809961631e-01
9.966062004053641843e-01 2.985772380935755197e-05 8.231695100099099827e-02 -1.432734657687579662e-02 9.847994960580522816e-01 1.731030898160762499e-01 -8.106052339856505140e-02 -1.736949961061711456e-01 9.814577117094898107e-01
9.965650001608502562e-01 3.017917722209655624e-05 8.281424722607680367e-02 -1.441404211305725297e-02 9.847994888030441318e-01 1.730959336415099081e-01 -8.155020444099156385e-02 -1.736950371843716534e-01 9.814171377213423142e-01
9.965235517705165469e-01 3.050189183918291917e-05 8.331152283033267658e-02 -1.450073534778993298e-02 9.847994814732539126e-01 1.730887343658838728e-01 -8.203986495020457181e-02 -1.736950786857380802e-01 9.813763193593513234e-01
9.964818552446673694e-01 3.082636549819830243e-05 8.380877768993647003e-02 -1.458742675196653994e-02 9.847994740610541697e-01 1.730814919909908212e-01 -8.252950471741615779e-02 -1.736951206534213532e-01 9.813352566336804861e-01
9.964399105937140622e-01 3.115160129104909038e-05 8.430601168107125509e-02 -1.467419833839790806e-02 9.847992928849991223e-01 1.730751878124970611e-01 -8.301910912022933409e-02 -1.736961478064021902e-01 9.812937764798572715e-01
9.963977178280689628e-01 3.147859527118419826e-05 8.480322467992525148e-02 -1.476088552174340159e-02 9.847992853213924924e-01 1.730678592029392671e-01 -8.350870712464557311e-02 -1.736961906305732883e-01 9.812522250648900712e-01
9.963552769582491031e-01 3.180694842372606344e-05 8.530041656269193862e-02 -1.484757041607627157e-02 9.847992776800965631e-01 1.730604874993123543e-01 -8.399828409075030256e-02 -1.736962338943421891e-01 9.812104293171426406e-01
9.963125879948143693e-01 3.213685958698858940e-05 8.579758720557005558e-02 -1.493425319685282721e-02 9.847992699577645670e-01 1.730530727034519101e-01 -8.448783986188446171e-02 -1.736962776166380007e-01 9.811683892470223212e-01
9.962696595778551822e-01 3.246852784410335482e-05 8.629463685779800719e-02 -1.502091673496874086e-02 9.847992621515445633e-01 1.730456163160872529e-01 -8.497727616878328338e-02 -1.736963218135837428e-01 9.811261133632955822e-01
9.962264745088363904e-01 3.280195215682676517e-05 8.679176465383481309e-02 -1.510768108557706060e-02 9.847990805629919242e-01 1.730390964334422854e-01 -8.546677401137363350e-02 -1.736973512933273900e-01 9.810834116902451552e-01
