1.000000000000000000e+00 0.000000000000000000e+00 0.000000000000000000e+00 0.000000000000000000e+00 9.848077400232231327e-01 1.736482513311081999e-01 0.000000000000000000e+00 -1.736482513311081999e-01 9.848077400232231327e-01
9.999999444712194263e-01 1.529379915075393791e-08 3.332529938316223855e-04 -5.788386108233217493e-05 9.848077400223379518e-01 1.736482416886325764e-01 -3.281874719696668743e-04 -1.736482513361274349e-01 9.848076853380502982e-01
9.999997777568960799e-01 3.238449280276821511e-08 6.666979506103217455e-04 -1.158028257957726244e-04 9.848077400194733544e-01 1.736482127389819274e-01 -6.565636785068698113e-04 -1.736482513523707749e-01 9.848075211564947251e-01
9.999994998700318938e-01 5.163527417563911095e-08 1.000129833268333015e-03 -1.737226324207646162e-04 9.848075663655104783e-01 1.736491492915747115e-01 -9.849264607290967016e-04 -1.736492361896186110e-01 9.848070738427039394e-01
9.999991109556787272e-01 5.984814679229772570e-08 1.333449604834593873e-03 -2.316114442692539558e-04 9.848075663606196128e-01 1.736490817568944189e-01 -1.313180867625951065e-03 -1.736492362173532311e-01 9.848066908369067507e-01
9.999986110725416211e-01 6.232091344065194492e-08 1.666689228362761054e-03 -2.894806855782386021e-04 9.848075663564406224e-01 1.736489949525695242e-01 -1.641357340892441201e-03 -1.736492362410527734e-01 9.848061985482111647e-01
9.999980001606612046e-01 6.479647041721039698e-08 1.999918666826926844e-03 -3.473481610161004997e-04 9.848075663519744172e-01 1.736488888681881892e-01 -1.969523783344620440e-03 -1.736492362663802080e-01 9.848055969175690816e-01
9.999972783934201193e-01 6.300822851592405978e-08 2.333067883433396616e-03 -4.051998045789110040e-04 9.848073926992216842e-01 1.736497483386574003e-01 -2.297611557911310217e-03 -1.736502210910101374e-01 9.848047124664728313e-01
9.999964458241926701e-01 5.393350831014831382e-08 2.666146841343976573e-03 -4.630301023809803383e-04 9.848073926997793492e-01 1.736496037628269817e-01 -2.625631753846366205e-03 -1.736502210878512475e-01 9.848038925461420900e-01
9.999955024330424713e-01 4.197001123621530547e-08 2.999185503646038201e-03 -5.208505579301312425e-04 9.848073927028914154e-01 1.736494399427452318e-01 -2.953612768009017918e-03 -1.736502210702048354e-01 9.848029634875626881e-01
9.999944481600724355e-01 3.222342109973092508e-08 3.332213833347036878e-03 -5.786714024403334482e-04 9.848073927061044008e-01 1.736492568680109982e-01 -3.281583221584581222e-03 -1.736502210519854927e-01 9.848019252317474770e-01
9.999932829420856706e-01 2.580402667169417480e-08 3.665251793408428379e-03 -6.365008054781659584e-04 9.848072190576134810e-01 1.736500393283409716e-01 -3.609561944942238452e-03 -1.736512058466887776e-01 9.848006040669129435e-01
9.999920066892540316e-01 2.369071063127445546e-08 3.998319346696271696e-03 -6.943363065108875678e-04 9.848072190575882789e-01 1.736498177054979219e-01 -3.937569642836525469e-03 -1.736512058468314690e-01 9.847993472039109353e-01
9.999906193717431613e-01 2.810843632273452750e-08 4.331416456146646755e-03 -7.521833718812986685e-04 9.848072190528950332e-01 1.736495767961394043e-01 -4.265605313719653124e-03 -1.736512058734475394e-01 9.847979809636112636e-01
9.999891208197912995e-01 4.018446282123125106e-08 4.664573084349328720e-03 -8.100483148024191114e-04 9.848072190414867144e-01 1.736493165707861386e-01 -4.593698269209326931e-03 -1.736512059381443152e-01 9.847965051788312163e-01
9.999875110235740827e-01 5.884156511990252513e-08 4.997779194180552650e-03 -8.679283314812682310e-04 9.848072190229683054e-01 1.736490370277321837e-01 -4.921838811730681364e-03 -1.736512060431594784e-01 9.847949198398961990e-01
9.999857900399096167e-01 8.386070832574809129e-08 5.331014748687538420e-03 -9.258197268040546917e-04 9.848072189963998913e-01 1.736487381768440919e-01 -5.250007246777583722e-03 -1.736512061938230711e-01 9.847932250027613410e-01
9.999839577257115808e-01 1.148921568389384001e-07 5.664299710389111495e-03 -9.837312011219596398e-04 9.848070453093210608e-01 1.736494047846084687e-01 -5.578222310580094497e-03 -1.736521912015845381e-01 9.847912468776018891e-01
9.999820142111189858e-01 1.494833113763644581e-07 5.997604042527966521e-03 -1.041644294966545970e-03 9.848070452666390917e-01 1.736490672890428910e-01 -5.906456758163620459e-03 -1.736521914436136294e-01 9.847893328907428856e-01
9.999799595396589025e-01 1.860952704903731281e-07 6.330917708159266612e-03 -1.099560999887577760e-03 9.848070452177291045e-01 1.736487104908440438e-01 -6.234700046485176089e-03 -1.736521917209535582e-01 9.847873094358189361e-01
9.999777937015599250e-01 2.241500223471769203e-07 6.664240670189482997e-03 -1.157480740225209481e-03 9.848070451629089561e-01 1.736483343883150898e-01 -6.562952239385755511e-03 -1.736521920318020162e-01 9.847851765032075155e-01
9.999755165471108098e-01 2.654315011612382343e-07 6.997592891028830107e-03 -1.215408739391471730e-03 9.848070450997583603e-01 1.736479389554585195e-01 -6.891232686192067317e-03 -1.736521923898802500e-01 9.847829339454724495e-01
9.999731280465623540e-01 3.101526653680597314e-07 7.330974333427301044e-03 -1.273352420222395890e-03 9.848068713747596403e-01 1.736485089676032822e-01 -7.219540039883310181e-03 -1.736531776068658273e-01 9.847804080853005404e-01
9.999706283234628401e-01 3.580714825313374734e-07 7.664364960702388201e-03 -1.331293954216601454e-03 9.848068712930072577e-01 1.736480748827523013e-01 -7.547857098973459467e-03 -1.736531780704006211e-01 9.847779463408302680e-01
9.999680172881107998e-01 4.078049568744253744e-07 7.997774735401051716e-03 -1.389240600646177029e-03 9.848068712031810001e-01 1.736476214681757224e-01 -7.876192699397373959e-03 -1.736531785797053307e-01 9.847753749752919950e-01
9.999652951707281856e-01 4.579081078257925548e-07 8.331173621342979549e-03 -1.447185720587106398e-03 9.848068711070585568e-01 1.736471487638522881e-01 -8.204517512247122904e-03 -1.736531791247014067e-01 9.847726942154091390e-01
9.999624622415563824e-01 5.066059824331718463e-07 8.664531582674611307e-03 -1.505130882987360452e-03 9.848066973535781754e-01 1.736476415865275680e-01 -8.532800761115491919e-03 -1.736541644973751131e-01 9.847697306801674877e-01
9.999595183609567561e-01 5.537755813493178008e-07 8.997868581878346733e-03 -1.563062695925471158e-03 9.848066972505187255e-01 1.736471303694187285e-01 -8.861065078873252981e-03 -1.736541650816894045e-01 9.847668315268591765e-01
9.999564638291921215e-01 5.985909385081109542e-07 9.331154583395754806e-03 -1.620983334668220106e-03 9.848066971458169228e-01 1.736465999372749092e-01 -9.189279582549798181e-03 -1.736541656753127216e-01 9.847638234035431815e-01
9.999532985033070531e-01 6.412860495830348087e-07 9.664409549726617199e-03 -1.678906013694560868e-03 9.848065233848293243e-01 1.736470350258906004e-01 -9.517462211812301176e-03 -1.736551510847704483e-01 9.847605325228933060e-01
9.999500223136692512e-01 6.828328718873745515e-07 9.997643443641773126e-03 -1.736814713550829904e-03 9.848065232755522924e-01 1.736464660987088460e-01 -9.845625909166336176e-03 -1.736551517043274373e-01 9.847573061099896830e-01
9.999466356938693234e-01 7.241533539965412201e-07 1.033081623046490372e-02 -1.794712579279893324e-03 9.848065231618778892e-01 1.736458779947615272e-01 -1.017372946710348204e-02 -1.736551523488129578e-01 9.847539709447434841e-01
9.999431379577785606e-01 7.635965778702264622e-07 1.066399786983790801e-02 -1.852610133817938695e-03 9.848065230468960873e-01 1.736452705948986763e-01 -1.050184206904018584e-02 -1.736551530007112432e-01 9.847505263514493290e-01
9.999395292057621232e-01 8.005465873846582142e-07 1.099717832526999131e-02 -1.910505027635883224e-03 9.848065229321109060e-01 1.736446439165491018e-01 -1.082995393794640958e-02 -1.736551536514965577e-01 9.847469724289469317e-01
9.999358105712520262e-01 8.348604073474803311e-07 1.133025756618971647e-02 -1.968390907048613719e-03 9.848063491626048993e-01 1.736449828997624623e-01 -1.115796461951011620e-02 -1.736561391034729951e-01 9.847431366489562965e-01
9.999319809882561971e-01 8.664780590098375603e-07 1.166333554995381203e-02 -2.026263083157657779e-03 9.848063490502364514e-01 1.736443178692053946e-01 -1.148597644170634008e-02 -1.736561397405603502e-01 9.847393652513276585e-01
9.999280416568357976e-01 8.956955425947669299e-07 1.199631224680130365e-02 -2.084115306637524066e-03 9.848063489392265835e-01 1.736436337801614549e-01 -1.181388893267854533e-02 -1.736561403699503903e-01 9.847354857727522726e-01
9.999239902114623879e-01 9.238317744046134620e-07 1.232938760578882256e-02 -2.141983598827115580e-03 9.848063488271360244e-01 1.736429302218422954e-01 -1.214189877447509683e-02 -1.736561410054702770e-01 9.847314958836437260e-01
9.999198290851541993e-01 9.517356923614863592e-07 1.266236160477878479e-02 -2.199834060756738520e-03 9.848063487123163151e-01 1.736422076167566109e-01 -1.246980883659053185e-02 -1.736561416564639249e-01 9.847273979800547083e-01
9.999155570787352509e-01 9.807161784675808372e-07 1.299533419965214452e-02 -2.257698137205539288e-03 9.848061749352021721e-01 1.736424504797643709e-01 -1.279771507120359107e-02 -1.736571271458052512e-01 9.847230172390720737e-01
9.999111728598427673e-01 1.011610133582648126e-06 1.332840534460325542e-02 -2.315568742687762038e-03 9.848061748069195653e-01 1.736416891289671305e-01 -1.312572022600249841e-02 -1.736571278731155743e-01 9.847186996332552011e-01
9.999066790613359013e-01 1.045312441357892062e-06 1.366137502002519669e-02 -2.373424493584869004e-03 9.848061746684129147e-01 1.736409087488908765e-01 -1.345362496517938343e-02 -1.736571286583845353e-01 9.847142741127609122e-01
9.999020729847354350e-01 1.081344096829763854e-06 1.399444317075830731e-02 -2.431299640018752019e-03 9.848061745203233741e-01 1.736401088709254581e-01 -1.378162627882985151e-02 -1.736571294979768476e-01 9.847097380201099703e-01
9.998973559633869135e-01 1.120255000701168284e-06 1.432750976872945378e-02 -2.489177353046247154e-03 9.848061743608949037e-01 1.736392897266160473e-01 -1.410962556317816967e-02 -1.736571304018457440e-01 9.847050926683903471e-01
9.998925279978133629e-01 1.162195083142941596e-06 1.466057477698302740e-02 -2.547072211592157041e-03 9.848060005316217058e-01 1.736394360163047434e-01 -1.443762020871664983e-02 -1.736581161810779039e-01 9.847001644191739622e-01
9.998875875891807263e-01 1.207474249649157534e-06 1.499373814732243328e-02 -2.604973331138657738e-03 9.848060003463957601e-01 1.736385780743406604e-01 -1.476571363099401200e-02 -1.736581172311759402e-01 9.846952990751457468e-01
9.998825361707840420e-01 1.255422515940610943e-06 1.532689985302345889e-02 -2.662876791039229564e-03 9.848060001488175841e-01 1.736377008546328704e-01 -1.509380495025826330e-02 -1.736581183512914406e-01 9.846903244080407180e-01
9.998773737431826403e-01 1.306869723804296221e-06 1.566005985709774742e-02 -2.720783402259523923e-03 9.848059999361651329e-01 1.736368043572787678e-01 -1.542189398594679371e-02 -1.736581195568522862e-01 9.846852404184112117e-01
9.998721003069478419e-01 1.362785677835201516e-06 1.599321812255712419e-02 -2.778709863617204092e-03 9.848058260465220037e-01 1.736368732623381761e-01 -1.574997775448304729e-02 -1.736591056724935134e-01 9.846798734704406142e-01
9.998667142300231570e-01 1.422130424984605649e-06 1.632647459908512927e-02 -2.836641336210460503e-03 9.848058257992620135e-01 1.736359379211663279e-01 -1.607816036699251730e-02 -1.736591070742072307e-01 9.846745692305667319e-01
9.998612187449750222e-01 1.485293840446753010e-06 1.665962927580141167e-02 -2.894558892299874814e-03 9.848058255340970124e-01 1.736349835802815378e-01 -1.640624206307602154e-02 -1.736591085774067400e-01 9.846691572449439711e-01
9.998556105538042305e-01 1.551145998546099351e-06 1.699288208848949780e-02 -2.952496139719927668e-03 9.848058252536489032e-01 1.736340096669561350e-01 -1.673441993689354229e-02 -1.736591101672285697e-01 9.846636342656825969e-01
9.998498912897785251e-01 1.618037082077834974e-06 1.732613301345718726e-02 -3.010451146112484450e-03 9.848056513028377035e-01 1.736340011227366087e-01 -1.706259276062477639e-02 -1.736600966237655252e-01 9.846578282677234117e-01
9.998440609535347301e-01 1.684937211520491734e-06 1.765938201368401350e-02 -3.068389093683980204e-03 9.848056510038500910e-01 1.736329886261613331e-01 -1.739076663962808508e-02 -1.736600983186520619e-01 9.846520865197220251e-01
9.998381213449804017e-01 1.750796537526557680e-06 1.799252906833766208e-02 -3.126308313182298623e-03 9.848056507003950522e-01 1.736319571533495587e-01 -1.771884030266065307e-02 -1.736601000388586780e-01 9.846462371597336505e-01
9.998320707321581846e-01 1.814755198305104103e-06 1.832567412542045540e-02 -3.184225314651561480e-03 9.848056503953631635e-01 1.736309064035291005e-01 -1.804691232842818918e-02 -1.736601017680002856e-01 9.846402784821154386e-01
9.998259091157408740e-01 1.876613241857902522e-06 1.865881714794587198e-02 -3.242139894707559127e-03 9.848056500897336418e-01 1.736298363768166708e-01 -1.837498271523817922e-02 -1.736601035005314875e-01 9.846342104875288603e-01
9.998196383956040600e-01 1.936090740577203249e-06 1.899185811696389031e-02 -3.300053111258308830e-03 9.848054761242313049e-01 1.736297320310928871e-01 -1.870294971244399265e-02 -1.736610900345204045e-01 9.846278614177419453e-01
9.998132567398709813e-01 1.993567645146540204e-06 1.932489697872872420e-02 -3.357945617269179114e-03 9.848054758191553404e-01 1.736286237860527881e-01 -1.903091822388644841e-02 -1.736610917639091756e-01 9.846215767282996412e-01
9.998067641492497382e-01 2.049143955397322288e-06 1.965793369628784579e-02 -3.415835879784597916e-03 9.848054755139157290e-01 1.736274962759430107e-01 -1.935888495365929371e-02 -1.736610934942287021e-01 9.846151827895708308e-01
9.998001606244624195e-01 2.102089835717635783e-06 1.999096823268896317e-02 -3.473723173479395521e-03 9.848054752113786225e-01 1.736263495008886215e-01 -1.968684999214433129e-02 -1.736610952092376980e-01 9.846086796022646137e-01
9.997934481986378019e-01 2.152215364202603666e-06 2.032390057163530744e-02 -3.531589942305038161e-03 9.848054749127090890e-01 1.736251838139648007e-01 -2.001471487573977526e-02 -1.736610969023333617e-01 9.846020691686165893e-01
9.997866249067206557e-01 2.200270416900768474e-06 2.065683065688466227e-02 -3.589474623780038089e-03 9.848053009540778113e-01 1.736249834691808713e-01 -2.034257430989596174e-02 -1.736620833915881179e-01 9.845951759289396366e-01
9.997796907494655994e-01 2.247154821916820170e-06 2.098975845151874325e-02 -3.647337740526786654e-03 9.848053006557423439e-01 1.736237792693139659e-01 -2.067043522302653910e-02 -1.736620850827929607e-01 9.845883471341652093e-01
9.997726457276401302e-01 2.293738390191120154e-06 2.132268391861952272e-02 -3.705200157627746866e-03 9.848053003530927718e-01 1.736225558164799787e-01 -2.099829389608847893e-02 -1.736620867984533800e-01 9.845814091593746431e-01
9.997654898420224034e-01 2.341240826461429454e-06 2.165560702126922282e-02 -3.763063070134168523e-03 9.848053000415902813e-01 1.736213131108145791e-01 -2.132615008085720493e-02 -1.736620885642917722e-01 9.845743620053373224e-01
9.997582230934038972e-01 2.390461901749807958e-06 2.198852772255033977e-02 -3.820948913480812052e-03 9.848051260554357977e-01 1.736210357195744070e-01 -2.165399978110840382e-02 -1.736630752037486569e-01 9.845670320522909025e-01
9.997508454825869695e-01 2.442741228314740055e-06 2.232144598554563000e-02 -3.878816020742828670e-03 9.848051257142970139e-01 1.736197545013962173e-01 -2.198185031178778379e-02 -1.736630771375449467e-01 9.845597665433973855e-01
9.997433547449482427e-01 2.497978741038020679e-06 2.265446174767370840e-02 -3.936702975022173499e-03 9.848051253554117590e-01 1.736184536372738785e-01 -2.230979634607094600e-02 -1.736630791719180333e-01 9.845523896266389352e-01
9.997357553789073537e-01 2.556624247236053451e-06 2.298737502258675972e-02 -3.994575489247341633e-03 9.848051249765547022e-01 1.736171339084168486e-01 -2.263764085822720165e-02 -1.736630813194793843e-01 9.845449057320837527e-01
9.997280428211237080e-01 2.618637648969499505e-06 2.332038572125720924e-02 -4.052468241170011955e-03 9.848051245772081463e-01 1.736157945223416599e-01 -2.296558072855526059e-02 -1.736630835831622366e-01 9.845373103657311109e-01
9.997202193378925683e-01 2.684258786130885298e-06 2.365339383240005686e-02 -4.110387392396649964e-03 9.848049504922651298e-01 1.736154204021392033e-01 -2.329351331337316602e-02 -1.736640707766631264e-01 9.845294321445133834e-01
9.997122849300792424e-01 2.754337307586378414e-06 2.398639931906619213e-02 -4.168287514497476427e-03 9.848049500447102478e-01 1.736140424811085103e-01 -2.362144659153113044e-02 -1.736640733135361991e-01 9.845216183005197630e-01
9.997042395985655805e-01 2.827953355941569615e-06 2.431940214430677871e-02 -4.226190660613955360e-03 9.848049495740810455e-01 1.736126452966259559e-01 -2.394937663393293531e-02 -1.736640759811729218e-01 9.845136952183303203e-01
9.996960808790003039e-01 2.904417023785931072e-06 2.465250224078150212e-02 -4.284113505936897395e-03 9.848049490826679131e-01 1.736112284207222967e-01 -2.427740197458583618e-02 -1.736640787665898467e-01 9.845056604710387127e-01
9.996878136694790085e-01 2.983538289271007960e-06 2.498549963149898981e-02 -4.342021134547481391e-03 9.848049485709007289e-01 1.736097927040203825e-01 -2.460532570815269701e-02 -1.736640816673508114e-01 9.844975188823136270e-01
9.996794330071246959e-01 3.063357673750640868e-06 2.531859421787857958e-02 -4.399971265252576764e-03 9.848047743822617717e-01 1.736093217738249872e-01 -2.493334063896585767e-02 -1.736650694426440655e-01 9.844890919558545450e-01
9.996709439232791539e-01 3.143055418090099196e-06 2.565158602623688472e-02 -4.457878823513156293e-03 9.848047738495412373e-01 1.736078475171810021e-01 -2.526125871636451109e-02 -1.736650724621249253e-01 9.844807318656825235e-01
9.996623413218690413e-01 3.221911726091540112e-06 2.598467495464210422e-02 -4.515802420889938537e-03 9.848047733113297619e-01 1.736063535465106333e-01 -2.558927258392868984e-02 -1.736650755127231716e-01 9.844722599828730214e-01
9.996536303674750101e-01 3.299996585363273753e-06 2.631766103280762381e-02 -4.573707398480827101e-03 9.848047727675635077e-01 1.736048407587206799e-01 -2.591718529780616398e-02 -1.736650785947989606e-01 9.844636813935299102e-01
9.996448084959018709e-01 3.376790166663915559e-06 2.665064419088103778e-02 -4.631610598555727099e-03 9.848047722207303734e-01 1.736033087084999094e-01 -2.624509535999058549e-02 -1.736650816942561237e-01 9.844549935724195011e-01
9.996358784064877101e-01 3.451902629891867295e-06 2.698352442832829129e-02 -4.689520843350739911e-03 9.848045980073663053e-01 1.736027423107409096e-01 -2.657289966769904935e-02 -1.736660696038063167e-01 9.844460255756108946e-01
9.996268347368069129e-01 3.525244010324047616e-06 2.731650163628314421e-02 -4.747419940426537976e-03 9.848045974592229967e-01 1.736011717330469828e-01 -2.690080441142319104e-02 -1.736660727106773827e-01 9.844371193282321908e-01
9.996176829178657908e-01 3.596744377275953329e-06 2.764937585155076774e-02 -4.805299339136085389e-03 9.848045969114916920e-01 1.735995823735057841e-01 -2.722860804701898729e-02 -1.736660758152200335e-01 9.844281065749616033e-01
9.996084202523213280e-01 3.666673642428186881e-06 2.798224700080678001e-02 -4.863176659240457667e-03 9.848045963631189004e-01 1.735979737636806908e-01 -2.755640893584783771e-02 -1.736660789234041880e-01 9.844189846594438853e-01
9.995990467411987046e-01 3.735521629670183546e-06 2.831511504713943306e-02 -4.921052376883593323e-03 9.848045958119659993e-01 1.735963459037500600e-01 -2.788420695646250808e-02 -1.736660820473484301e-01 9.844097535826902279e-01
9.995895623855376444e-01 3.803338325939086451e-06 2.864797995363732239e-02 -4.978954746895041319e-03 9.848044215913939192e-01 1.735956831942209455e-01 -2.821199708488853972e-02 -1.736670699919088678e-01 9.844002397505333679e-01
9.995799700844650859e-01 3.871143320763367797e-06 2.898074172539252813e-02 -5.036811311756392816e-03 9.848044210296635903e-01 1.735940173284741261e-01 -2.853969056856469830e-02 -1.736670731757838371e-01 9.843907932100987024e-01
9.995702640761726654e-01 3.939016535368004741e-06 2.931360024245868029e-02 -5.094684747018301749e-03 9.848044204596617668e-01 1.735923317155405876e-01 -2.886747931529568337e-02 -1.736670764065369188e-01 9.843812346902935939e-01
9.995604472265250395e-01 4.008017490101455191e-06 2.964645550896903917e-02 -5.152558730594999220e-03 9.848044198759803303e-01 1.735906268531271779e-01 -2.919526466462076669e-02 -1.736670797148085477e-01 9.843715670134388640e-01
9.995505225345345801e-01 4.078545961162099411e-06 2.997920753296151944e-02 -5.210445814053375237e-03 9.848042456088345054e-01 1.735898876237698674e-01 -2.952294286411379087e-02 -1.736680679174490427e-01 9.843616195435814786e-01
9.995404840387329681e-01 4.151211575094809578e-06 3.031205618863455978e-02 -5.268322591556308908e-03 9.848042449897523865e-01 1.735881442588604884e-01 -2.985072100782146590e-02 -1.736680714263019176e-01 9.843517335903778642e-01
9.995303347048702935e-01 4.226713926391678651e-06 3.064490148303403508e-02 -5.326201582157751718e-03 9.848042443471317631e-01 1.735863816449355335e-01 -3.017849534811489765e-02 -1.736680750685337671e-01 9.843417384833957895e-01
9.995200745340705462e-01 4.305282793070954086e-06 3.097774337925105967e-02 -5.384083005952787319e-03 9.848042436792410204e-01 1.735845997821904851e-01 -3.050626580870237012e-02 -1.736680788539528286e-01 9.843316342237438121e-01
9.995097003964069637e-01 4.387017991717068688e-06 3.131068179134732787e-02 -5.441984313291843393e-03 9.848042429849269697e-01 1.735827981270575970e-01 -3.083413076801130512e-02 -1.736680827890923207e-01 9.843214177290577904e-01
9.994992185218714020e-01 4.471969398532582846e-06 3.164351677942613128e-02 -5.499901992154216171e-03 9.848040685949359663e-01 1.735819620724953216e-01 -3.116188781580845474e-02 -1.736690716819261071e-01 9.843109215531915535e-01
9.994886258138478974e-01 4.559787049629505442e-06 3.197634825858704233e-02 -5.557791053886110277e-03 9.848040678477339993e-01 1.735801224482720895e-01 -3.148964635157791569e-02 -1.736690759167104359e-01 9.843004898113627554e-01
9.994779190425882032e-01 4.650290903521387643e-06 3.230927613971476542e-02 -5.615699506767498662e-03 9.848040670751773140e-01 1.735782630148119676e-01 -3.181749935722853750e-02 -1.736690802951531276e-01 9.842899457396120377e-01
9.994671013736290410e-01 4.742921156249090394e-06 3.264220043594708714e-02 -5.673609434696497145e-03 9.848040662800540135e-01 1.735763843218699476e-01 -3.214534846254381989e-02 -1.736690848014570410e-01 9.842792924553710465e-01
9.994561761056810489e-01 4.836898147986488838e-06 3.297502116472672551e-02 -5.731502705661961454e-03 9.848040654665486393e-01 1.735744869423290759e-01 -3.247309533975394069e-02 -1.736690894119105599e-01 9.842685332072204085e-01
9.994451366782381996e-01 4.931362248924113981e-06 3.330793818145311169e-02 -5.789445982340274931e-03 9.848038909696529286e-01 1.735735539944072980e-01 -3.280093116720011331e-02 -1.736700789045526050e-01 9.842574879612809857e-01
9.994339897208246448e-01 5.025423947535885487e-06 3.364075155907812753e-02 -5.847338393010314064e-03 9.848038901338239670e-01 1.735716181033192251e-01 -3.312867073143941493e-02 -1.736700836414607763e-01 9.842465103943909277e-01
9.994227319371737916e-01 5.118293665977997768e-06 3.397356120631388199e-02 -5.905228983907225872e-03 9.848038892941309852e-01 1.735696629650481937e-01 -3.345640682864356452e-02 -1.736700884002650158e-01 9.842354236853906313e-01
9.994113633285371945e-01 5.209381760829012695e-06 3.430636708625544457e-02 -5.963117167587440003e-03 9.848038884542988924e-01 1.735676885798109470e-01 -3.378413952493378170e-02 -1.736700931598614273e-01 9.842242278355093354e-01
9.993998838961779541e-01 5.298338472522903466e-06 3.463916916199829416e-02 -6.021002592960393585e-03 9.848038876167445332e-01 1.735656949478264766e-01 -3.411186884475091857e-02 -1.736700979065596007e-01 9.842129228459888246e-01
9.993882971385619207e-01 5.385063924821657866e-06 3.497186745780882233e-02 -6.078867798768339617e-03 9.848038867825391618e-01 1.735636826766728258e-01 -3.443949634896768808e-02 -1.736701026342898635e-01 9.842015121621305873e-01
9.993765960958693739e-01 5.469797979572491038e-06 3.530466181561252997e-02 -6.136782495110570945e-03 9.848037122798123377e-01 1.735626347475409947e-01 -3.476721266424968870e-02 -1.736710921540540464e-01 9.841898153677353100e-01
9.993647877970486260e-01 5.552900487916302017e-06 3.563735232203902453e-02 -6.194643110767007223e-03 9.848037114480627796e-01 1.735605839897149671e-01 -3.509483306827475280e-02 -1.736710968678610301e-01 9.841781865112759764e-01
9.993528687462142068e-01 5.634871137542620159e-06 3.597003887904828834e-02 -6.252501927696300574e-03 9.848037106137589314e-01 1.735585139974868962e-01 -3.542244977914672105e-02 -1.736711015961490412e-01 9.841664485858192535e-01
9.993408389446808426e-01 5.716809216512523144e-06 3.630272144977120252e-02 -6.310360022779443363e-03 9.848037097701558551e-01 1.735564247710862096e-01 -3.575006256951857031e-02 -1.736711063771314290e-01 9.841546015926657676e-01
9.993286947302245649e-01 5.800813267652634188e-06 3.663549993020871753e-02 -6.368272890899064932e-03 9.848035352321810043e-01 1.735552998170484251e-01 -3.607776308438200713e-02 -1.736720960907338629e-01 9.841424683704479426e-01
9.993164433980115113e-01 5.887113072427865901e-06 3.696817441652816560e-02 -6.426134213152614495e-03 9.848035343413996667e-01 1.735531721051565002e-01 -3.640536709639799473e-02 -1.736721011389837921e-01 9.841304032152178305e-01
9.993040813191205185e-01 5.975908357645268392e-06 3.730084480594547669e-02 -6.483997285898168011e-03 9.848035334244181760e-01 1.735510251596839304e-01 -3.673296663958922764e-02 -1.736721063356729822e-01 9.841182289962856489e-01
9.992916084949172717e-01 6.067788583100475407e-06 3.763351106159330134e-02 -6.541862683766977785e-03 9.848035324769429666e-01 1.735488589808686921e-01 -3.706056157518205357e-02 -1.736721117051228114e-01 9.841059457150005407e-01
9.992790211301670888e-01 6.161744307380718140e-06 3.796627307450707589e-02 -6.599746760372051865e-03 9.848035315049965543e-01 1.735466729095842542e-01 -3.738825045163376992e-02 -1.736721172132135171e-01 9.840935496337966937e-01
9.992663229563374383e-01 6.258944584571787328e-06 3.829903087737884099e-02 -6.657671022353824075e-03 9.848033568279169758e-01 1.735454516748406451e-01 -3.771592795993378849e-02 -1.736731077089712916e-01 9.840808708824844153e-01
9.992535178380015370e-01 6.360528432109777306e-06 3.863168450795781417e-02 -6.715544127473827875e-03 9.848033557828197448e-01 1.735432277732811834e-01 -3.804350871634556985e-02 -1.736731136314446367e-01 9.840682603590609201e-01
9.992405980835143975e-01 6.465286517810175014e-06 3.896443378134045038e-02 -6.773436974828702002e-03 9.848033547043095748e-01 1.735409839625375039e-01 -3.837118310983410330e-02 -1.736731197432054008e-01 9.840555369415964204e-01
9.992275675242144883e-01 6.571879742598816844e-06 3.929717873399603267e-02 -6.831330883828518226e-03 9.848033536010972755e-01 1.735387209080078708e-01 -3.869885292869652826e-02 -1.736731259949051143e-01 9.840427044031986314e-01
9.992144261615556466e-01 6.678909098871490480e-06 3.962991932902679842e-02 -6.889224469340438257e-03 9.848033524825087204e-01 1.735364386099431666e-01 -3.902651837973814680e-02 -1.736731323337139254e-01 9.840297627452901930e-01
9.992011739969991480e-01 6.785745036917520055e-06 3.996265552953548461e-02 -6.947117104530289855e-03 9.848033513528441363e-01 1.735341370685964946e-01 -3.935417953603646130e-02 -1.736731387352694611e-01 9.840167119693065123e-01
9.991878150615529641e-01 6.891698116933335399e-06 4.029528737984399561e-02 -7.005030432028705109e-03 9.848031765434525076e-01 1.735328009875130584e-01 -3.968173107572387642e-02 -1.736741299745876155e-01 9.840033825126842659e-01
9.991743413309059907e-01 6.996578440876236731e-06 4.062801468196602234e-02 -7.062919929096038787e-03 9.848031754028599982e-01 1.735304609528798558e-01 -4.000938374963222688e-02 -1.736741364380190999e-01 9.839901135400106469e-01
9.991607608988790634e-01 7.100775746030044002e-06 4.096063756281228402e-02 -7.120790621251412399e-03 9.848031742550856782e-01 1.735281023870075823e-01 -4.033693370722894744e-02 -1.736741429421388427e-01 9.839767394874801010e-01
9.991470697374448262e-01 7.204140125582043724e-06 4.129325590430202308e-02 -7.178659707652436210e-03 9.848031731012049095e-01 1.735257245903329970e-01 -4.066447933860135172e-02 -1.736741494808560493e-01 9.839632563882768634e-01
9.991332636855282390e-01 7.306711514125708913e-06 4.162596958290024768e-02 -7.236544573622066649e-03 9.848031719409456874e-01 1.735233268401861761e-01 -4.099211899546729293e-02 -1.736741560557127084e-01 9.839496601445610890e-01
9.991193510365828923e-01 7.408450005685018521e-06 4.195857873370147095e-02 -7.294451788111521763e-03 9.848029971003343652e-01 1.735218945127952050e-01 -4.131964856273916825e-02 -1.736751474659330163e-01 9.839357854023493832e-01
9.991053276628174551e-01 7.509715249199332276e-06 4.229118323455192952e-02 -7.352316740048566931e-03 9.848029959260469202e-01 1.735194590057164699e-01 -4.164718086891681936e-02 -1.736751541202330440e-01 9.839219751418224469e-01
9.990911935657841303e-01 7.610747012637480915e-06 4.262378304859157363e-02 -7.410180651499635208e-03 9.848029947417380470e-01 1.735170042687932956e-01 -4.197470859945322957e-02 -1.736751608313083506e-01 9.839080558406919641e-01
9.990769530426784062e-01 7.712064825310689162e-06 4.295627823126581257e-02 -7.468026676707649990e-03 9.848029935436987126e-01 1.735145310483410808e-01 -4.230213323833501016e-02 -1.736751676201689909e-01 9.838940317308527694e-01
9.990625975370668321e-01 7.814327956811130673e-06 4.328886856254138965e-02 -7.525890162396556629e-03 9.848029923266455876e-01 1.735120378583235035e-01 -4.262965141485734050e-02 -1.736751745167426642e-01 9.838798943859086155e-01
9.990481313129071506e-01 7.918345593657467573e-06 4.362145409644027638e-02 -7.583797505315689226e-03 9.848028174087295472e-01 1.735105093048451563e-01 -4.295715697746314843e-02 -1.736761663589111993e-01 9.838654744950070530e-01
9.990335543718015243e-01 8.024187557209143282e-06 4.395403479610453246e-02 -7.641663181186453789e-03 9.848028161404512870e-01 1.735079776427065623e-01 -4.328466498738384877e-02 -1.736761735456222033e-01 9.838511190822932795e-01
9.990188667153621083e-01 8.132153437884003617e-06 4.428661062467677267e-02 -7.699530108696101167e-03 9.848028148435162832e-01 1.735054267519959281e-01 -4.361216783030780891e-02 -1.736761808946610253e-01 9.838366546368285670e-01
9.990040683452146020e-01 8.242412936598106458e-06 4.461918154530013225e-02 -7.757398448859953097e-03 9.848028135162367747e-01 1.735028566329959165e-01 -4.393966544041327110e-02 -1.736761884155883229e-01 9.838220811602155225e-01
9.989891592629995820e-01 8.354806076292663913e-06 4.495174752111830152e-02 -7.815268037708496263e-03 9.848028121594639694e-01 1.735002672859913553e-01 -4.426715780919215221e-02 -1.736761961035791502e-01 9.838073986540695204e-01
9.989741394703706145e-01 8.469102959804808547e-06 4.528430851527553286e-02 -7.873138642336125273e-03 9.848028107746374937e-01 1.734976587112692370e-01 -4.459464494029428266e-02 -1.736762039504773369e-01 9.837926071200175926e-01
9.989590089689900365e-01 8.585483275664746166e-06 4.561686449091659906e-02 -7.931055355729270048e-03 9.848026356832942918e-01 1.734960146867384201e-01 -4.492211883512986503e-02 -1.736771967689658136e-01 9.837775330641762572e-01
9.989437677605410570e-01 8.703127756393396874e-06 4.594941541118686273e-02 -7.988927847179853881e-03 9.848026342450234560e-01 1.734933676424409432e-01 -4.524959540401221614e-02 -1.736772049185447697e-01 9.837625234818894171e-01
9.989284158467170993e-01 8.821466915582566918e-06 4.628196123923220690e-02 -8.046800143590668655e-03 9.848026327874949137e-01 1.734907013711905199e-01 -4.557706683648236196e-02 -1.736772131772047478e-01 9.837474048766698953e-01
9.989129532292252422e-01 8.939871366458954901e-06 4.661450193819912519e-02 -8.104671618135453337e-03 9.848026313156935663e-01 1.734880158732826638e-01 -4.590453320566346279e-02 -1.736772215167115274e-01 9.837321772501930184e-01
9.988973799097803363e-01 9.058161264850962368e-06 4.694703747123463861e-02 -8.162542087149216724e-03 9.848026298310768034e-01 1.734853111490149147e-01 -4.623199450652450831e-02 -1.736772299288099619e-01 9.837168406041465474e-01
9.988816958901081122e-01 9.176396509440925406e-06 4.727956780148635796e-02 -8.220411603319715751e-03 9.848026283331711150e-01 1.734825871986871160e-01 -4.655945069235251088e-02 -1.736772384161834049e-01 9.837013949402301227e-01
9.988659011719472902e-01 9.294477176650255246e-06 4.761209289210249079e-02 -8.278326948663988424e-03 9.848024531450737529e-01 1.734808277083545736e-01 -4.688689346591994045e-02 -1.736782317766319139e-01 9.836856667798193898e-01
9.988499957570470267e-01 9.412583027295486429e-06 4.794461270623178589e-02 -8.336194847696907356e-03 9.848024516207809498e-01 1.734780652911505905e-01 -4.721433925841293788e-02 -1.736782404134230018e-01 9.836700030880726198e-01
9.988339796471698007e-01 9.530694043966202609e-06 4.827712720702361654e-02 -8.394061833768865985e-03 9.848024500827248229e-01 1.734752836486895267e-01 -4.754177981657958102e-02 -1.736782491281746166e-01 9.836542303836462997e-01
9.988178528440906367e-01 9.648820175058741601e-06 4.860963635762789725e-02 -8.451927910327845794e-03 9.848024485308194409e-01 1.734724827812796077e-01 -4.786921510239301736e-02 -1.736782579213731192e-01 9.836383486682886979e-01
9.988016202438028124e-01 9.767261068643084648e-06 4.894204024103339379e-02 -8.509776019448337184e-03 9.848024469626786015e-01 1.734696635392466990e-01 -4.819654666522429215e-02 -1.736782668065329494e-01 9.836223627635890532e-01
9.987852720929382144e-01 9.885946659940581419e-06 4.927453858234962653e-02 -8.567689303977811532e-03 9.848022716997413273e-01 1.734678078348235453e-01 -4.852396263935899318e-02 -1.736792605848402060e-01 9.836060895970893947e-01
9.987688182149622174e-01 1.000516663680305842e-05 4.960693158606121339e-02 -8.625536628851153062e-03 9.848022700973320109e-01 1.734649501455720333e-01 -4.885128329278427134e-02 -1.736792696640508116e-01 9.835898857804558082e-01
9.987522487235481750e-01 1.012525042268134082e-05 4.993941897074060526e-02 -8.683401202473574679e-03 9.848022684733870324e-01 1.734620723767235639e-01 -4.917869674170659983e-02 -1.736792788652408437e-01 9.835735681074584402e-01
9.987355735751671792e-01 1.024602824966709447e-05 5.027180094745616057e-02 -8.741248158330727075e-03 9.848022668295915993e-01 1.734591762575057317e-01 -4.950600626304073326e-02 -1.736792881788639109e-01 9.835571463832526451e-01
9.987187878109639039e-01 1.036789948039562547e-05 5.060417735627623786e-02 -8.799095230444803697e-03 9.848022651621309853e-01 1.734562609266712963e-01 -4.983331011004952377e-02 -1.736792976265235933e-01 9.835406157243498093e-01
9.987018863391361467e-01 1.049096383562396958e-05 5.093664803057708357e-02 -8.856959856235040521e-03 9.848022634697469746e-01 1.734533254998825436e-01 -5.016070658150915268e-02 -1.736793072153468565e-01 9.835239711163327181e-01
9.986848793156378745e-01 1.061522131962154723e-05 5.126901319146820457e-02 -8.914857826341880329e-03 9.848020880727845761e-01 1.734513552481490861e-01 -5.048799001986487706e-02 -1.736803017466303778e-01 9.835070491099457968e-01
9.986677565217872976e-01 1.074067172180594565e-05 5.160147254079268386e-02 -8.972723176133760511e-03 9.848020863302782146e-01 1.734483813655685602e-01 -5.081537486376227347e-02 -1.736803116192771335e-01 9.834901865465084381e-01
9.986505282465278910e-01 1.086741491386051487e-05 5.193382630646509179e-02 -9.030571468424159962e-03 9.848020845616882735e-01 1.734453891630069189e-01 -5.114265550286253847e-02 -1.736803216396507477e-01 9.834732201047788891e-01
9.986331841382397601e-01 1.099535081107999313e-05 5.226627418348167575e-02 -9.088437287712905141e-03 9.848020827673231725e-01 1.734423768425971402e-01 -5.147002861460184264e-02 -1.736803318060062828e-01 9.834561395904586334e-01
9.986157346188555550e-01 1.112427969939381240e-05 5.259861640665064453e-02 -9.146285741867982502e-03 9.848020809491840888e-01 1.734393462144177556e-01 -5.179729750451928655e-02 -1.736803421070069187e-01 9.834389552670879109e-01
9.985981744969187890e-01 1.125430128687421400e-05 5.293095280421571819e-02 -9.204134267515512446e-03 9.848020791059888257e-01 1.734362963768180388e-01 -5.212456046631909479e-02 -1.736803525499145961e-01 9.834216620221105654e-01
9.985804984480417534e-01 1.138531555354868937e-05 5.326338319741882876e-02 -9.262052555016315677e-03 9.848019035574195890e-01 1.734342098092274131e-01 -5.245190655951988135e-02 -1.736813479336730137e-01 9.834040811783394398e-01
9.985627170936187680e-01 1.151702295438164261e-05 5.359570783157405205e-02 -9.319901039011509528e-03 9.848019016681929250e-01 1.734311215305196496e-01 -5.277915758357931697e-02 -1.736813586372153717e-01 9.833865700662678400e-01
9.985448197497089895e-01 1.164962299462049611e-05 5.392812638417394250e-02 -9.377766721153972529e-03 9.848018997550697096e-01 1.734280131066756880e-01 -5.310650094239659919e-02 -1.736813694760953319e-01 9.833689447275439921e-01
9.985268171706810358e-01 1.178281614852436655e-05 5.426043910764750261e-02 -9.435614613695209388e-03 9.848018978211272589e-01 1.734248864055217554e-01 -5.343373997626687383e-02 -1.736813804328821709e-01 9.833512157530884812e-01
9.985087039989550828e-01 1.191640257583006061e-05 5.459274582146060595e-02 -9.493461856394519449e-03 9.848018958679601864e-01 1.734217404965490150e-01 -5.376097302233691366e-02 -1.736813914985441409e-01 9.833333778667442404e-01
9.984904747440250805e-01 1.205058184217576978e-05 5.492514633785610528e-02 -9.551325981677460941e-03 9.848018938933806865e-01 1.734185744261627360e-01 -5.408829834116769819e-02 -1.736814026854754667e-01 9.833154256614521360e-01
9.984721403597041078e-01 1.218495461269857720e-05 5.525744092010079211e-02 -9.609226320712167119e-03 9.848017182196381336e-01 1.734163733941117280e-01 -5.441550969189648534e-02 -1.736823987719409990e-01 9.832971965086626520e-01
9.984536953887402921e-01 1.231972045728779719e-05 5.558972938226126176e-02 -9.667071902426787114e-03 9.848017162083594345e-01 1.734131698398458377e-01 -5.474272449743311508e-02 -1.736824101666440967e-01 9.832790318690334264e-01
9.984351398331730021e-01 1.245517883952296723e-05 5.592201168753462015e-02 -9.724917104163401452e-03 9.848017141746632230e-01 1.734099470790588515e-01 -5.506993311807622388e-02 -1.736824216883025851e-01 9.832607583255100758e-01
9.984164736950593699e-01 1.259112999208326163e-05 5.625428779911864630e-02 -9.782761722569791388e-03 9.848017121203851421e-01 1.734067051121076508e-01 -5.539713555231937092e-02 -1.736824333265211961e-01 9.832423758801165370e-01
9.983976969764642995e-01 1.272777352128485158e-05 5.658655768021183391e-02 -9.840605948214542140e-03 9.848017100434707238e-01 1.734034439393513927e-01 -5.572433172918383332e-02 -1.736824450929327079e-01 9.832238845348887368e-01
9.983788096794681266e-01 1.286500950436072277e-05 5.691882129401335672e-02 -9.898449676225839350e-03 9.848017079447887179e-01 1.734001635611511771e-01 -5.605152162979629843e-02 -1.736824569826160569e-01 9.832052842918747038e-01
9.983598118061600690e-01 1.300303753362340815e-05 5.725107860372306151e-02 -9.956349475872714253e-03 9.848015321392833421e-01 1.733978471643588259e-01 -5.637869522685808737e-02 -1.736834538090519242e-01 9.831864017557789825e-01
9.983407033586425561e-01 1.314195735163160251e-05 5.758332957254153062e-02 -1.001419300902065164e-02 9.848015299917250998e-01 1.733945283575448748e-01 -5.670587232155997054e-02 -1.736834659754528942e-01 9.831675837267035423e-01
9.983214843390234572e-01 1.328236785346913200e-05 5.791557416367001943e-02 -1.007203691167593389e-02 9.848015278129659267e-01 1.733911903462744264e-01 -5.703304287497464042e-02 -1.736834783185402242e-01 9.831486568060775477e-01
