1.000000000000000000e+00 0.000000000000000000e+00 0.000000000000000000e+00 0.000000000000000000e+00 9.848077400232231327e-01 1.736482513311081999e-01 0.000000000000000000e+00 -1.736482513311081999e-01 9.848077400232231327e-01
9.999999861177214511e-01 7.571769894886578908e-09 1.666269992289458562e-04 -2.894194377835803577e-05 9.848077400230040856e-01 1.736482489204748125e-01 -1.640942437128895415e-04 -1.736482513323507060e-01 9.848077263518477675e-01
9.999999444375557989e-01 1.664939907491864527e-08 3.333539938260123080e-04 -5.790273456011481068e-05 9.848077400222592370e-01 1.736482416827869468e-01 -3.282867021483148670e-04 -1.736482513365739944e-01 9.848076853048981505e-01
9.999998749619993799e-01 2.608149673882139429e-08 5.000759791571655032e-04 -8.686300457640488645e-05 9.848077400209579446e-01 1.736482296184780894e-01 -4.924741658668012117e-04 -1.736482513439527309e-01 9.848076168848326484e-01
9.999997777308942126e-01 2.858579364625980682e-08 6.667369506016538380e-04 -1.158058570869073534e-04 9.848077400199131137e-01 1.736482127344667337e-01 -6.566027456378068687e-04 -1.736482513498777691e-01 9.848075211308878751e-01
9.999996527522415635e-01 2.751959044388059085e-08 8.333639035387374779e-04 -1.447401067854217594e-04 9.848075663704966010e-01 1.736491758394534679e-01 -8.206982989908013235e-04 -1.736492361613467816e-01 9.848072244022598731e-01
9.999995000230410547e-01 2.575348712384339230e-08 9.999768333448413437e-04 -1.736705755084497703e-04 9.848075663700071036e-01 1.736491493181444579e-01 -9.847802796015883969e-04 -1.736492361641230053e-01 9.848070739933875162e-01
9.999993195689601544e-01 2.093148575755769692e-08 1.166559735412110287e-03 -2.025928204641240776e-04 9.848075663702390292e-01 1.736491179824311282e-01 -1.148833219322670631e-03 -1.736492361628082515e-01 9.848068962808431692e-01
9.999991114223264477e-01 1.132688993516955153e-08 1.333099605145677841e-03 -2.315028829472549356e-04 9.848075663718571793e-01 1.736490818379271550e-01 -1.312844610970761257e-03 -1.736492361536318696e-01 9.848066912964632547e-01
9.999988755701385568e-01 -5.435293888386374436e-10 1.499619437927454712e-03 -2.604072346224846780e-04 9.848075663746209685e-01 1.736490408823748721e-01 -1.476836663536770702e-03 -1.736492361379587124e-01 9.848064590274440144e-01
9.999986119890711400e-01 -1.168018378775475080e-08 1.666139229126419085e-03 -2.893123016892906393e-04 9.848075663778587119e-01 1.736489951117238806e-01 -1.640828547734847704e-03 -1.736492361195962064e-01 9.848061994508146011e-01
9.999983206791319690e-01 -2.128076426270847428e-08 1.832658974125157955e-03 -3.182188734668212190e-04 9.848075663812515534e-01 1.736489445259754849e-01 -1.804820119697210642e-03 -1.736492361003534324e-01 9.848059125665824531e-01
9.999980016003451322e-01 -2.869054266471487068e-08 1.999198668266292771e-03 -3.471310669141068313e-04 9.848075663844392258e-01 1.736488891181879046e-01 -1.968830957295201415e-03 -1.736492360822745329e-01 9.848055983353790621e-01
9.999976547427273932e-01 -3.270172330586573302e-08 2.165758306911605337e-03 -3.760500706763031950e-04 9.848075663867774665e-01 1.736488288866275542e-01 -2.132860846227520226e-03 -1.736492360690131131e-01 9.848052567473728480e-01
9.999972800729711730e-01 -3.270161105376229523e-08 2.332347885392348219e-03 -4.049805207459642961e-04 9.848073927379948911e-01 1.736497486303115456e-01 -2.296919118597753277e-03 -1.736502208711279138e-01 9.848047141205057420e-01
9.999968776010836891e-01 -2.915800895678016868e-08 2.498957399082793723e-03 -4.339157893735327886e-04 9.848073927374033643e-01 1.736496787409793352e-01 -2.460996784031456962e-03 -1.736502208744830356e-01 9.848043177632154199e-01
9.999964472904233626e-01 -2.233192066088973656e-08 2.665596843298370048e-03 -4.628594880736700023e-04 9.848073927350876611e-01 1.736496040174380640e-01 -2.625103355260728112e-03 -1.736502208876172237e-01 9.848038939900957134e-01
9.999959891826497582e-01 -1.236735039661750299e-08 2.832246213453174476e-03 -4.918080012333491888e-04 9.848073927308332864e-01 1.736495244669219451e-01 -2.789219156627110920e-03 -1.736502209117455897e-01 9.848034428421735820e-01
9.999955032427869650e-01 -5.061877237864663655e-10 2.998915504860272079e-03 -5.207618415184399026e-04 9.848073927250143855e-01 1.736494400833573926e-01 -2.953354247243279718e-03 -1.736502209447459977e-01 9.848029642850041343e-01
9.999949894925040939e-01 1.251973726944825406e-08 3.165594712910724685e-03 -5.497185509147949414e-04 9.848073927178685461e-01 1.736493508705072575e-01 -3.117498901578830486e-03 -1.736502209852714418e-01 9.848024583399276333e-01
9.999944479601380332e-01 2.642065331066522259e-08 3.332273833013920609e-03 -5.786761067554061378e-04 9.848073927094620483e-01 1.736492568332922981e-01 -3.281643317357591915e-03 -1.736502210329446683e-01 9.848019250348504228e-01
9.999938785757241932e-01 4.206244251636713838e-08 3.498972860416716540e-03 -6.076388339541810742e-04 9.848073926991927074e-01 1.736491579595631218e-01 -3.445807035684498275e-03 -1.736502210911810562e-01 9.848013643008708407e-01
9.999932813659335729e-01 5.964279927916470738e-08 3.665681790519754752e-03 -6.366051899066523011e-04 9.848073926867834116e-01 1.736490542539511905e-01 -3.609980169625491651e-03 -1.736502211615520430e-01 9.848007761642549873e-01
9.999926563257811596e-01 7.887992072730595509e-08 3.832400618671906803e-03 -6.655786704488577841e-04 9.848072190215394484e-01 1.736499305156646300e-01 -3.774162097957954425e-03 -1.736512060512552247e-01 9.847999869706554055e-01
9.999920034502828292e-01 9.900610828640212983e-08 3.999129340220378484e-03 -6.945511346035098278e-04 9.848072190052771235e-01 1.736498171430474469e-01 -3.938354251592239043e-03 -1.736512061434719589e-01 9.847993440141532551e-01
9.999913228177720326e-01 1.189509678318201862e-07 4.165847950684254709e-03 -7.235216644105812132e-04 9.848072189879801819e-01 1.736496989503916732e-01 -4.102536479240382998e-03 -1.736512062415530300e-01 9.847986737223451970e-01
9.999906144332696423e-01 1.376067084709342471e-07 4.332556445449916097e-03 -7.524891680994742933e-04 9.848072189704983881e-01 1.736495759385691118e-01 -4.266708968729667796e-03 -1.736512063406818185e-01 9.847979761001757204e-01
9.999898783017964199e-01 1.550174309444674275e-07 4.499254819905415537e-03 -7.814536882993170517e-04 9.848072189529093468e-01 1.736494481084516206e-01 -4.430871707860194360e-03 -1.736512064404182598e-01 9.847972511525892036e-01
9.999891145216927013e-01 1.706431424475559176e-07 4.665923069658185242e-03 -8.104112194273216125e-04 9.848072189357592876e-01 1.736493154771161229e-01 -4.595005089933401968e-03 -1.736512065376640546e-01 9.847964989764317334e-01
9.999883230113283394e-01 1.846218441476455854e-07 4.832581189913566500e-03 -8.393653695784010970e-04 9.848072189190872905e-01 1.736491780303874299e-01 -4.759128782407990449e-03 -1.736512066321992120e-01 9.847957194913135037e-01
9.999875038257174387e-01 1.977755285316453301e-07 4.999219176191244812e-03 -8.683201342063758378e-04 9.848070452506240136e-01 1.736500205726446977e-01 -4.923231921740559881e-03 -1.736521915343894606e-01 9.847947391018843089e-01
9.999866569232225277e-01 2.100801968464044575e-07 5.165847023779588862e-03 -8.972675429991937724e-04 9.848070452338604230e-01 1.736498735061716980e-01 -5.087326063218899387e-03 -1.736521916294436474e-01 9.847939050663430116e-01
9.999857823088661446e-01 2.209488585727121851e-07 5.332464728077490959e-03 -9.262117762044898154e-04 9.848070452177150047e-01 1.736497216274732192e-01 -5.251410464877894618e-03 -1.736521917209929711e-01 9.847930437399651238e-01
9.999848800426617279e-01 2.302035192799850897e-07 5.499062284636711644e-03 -9.551509212322577833e-04 9.848070452024829669e-01 1.736495649469707303e-01 -5.415475305176522397e-03 -1.736521918073640203e-01 9.847921551818522579e-01
9.999839501346304838e-01 2.378111831012716164e-07 5.665639688887378657e-03 -9.840849447902970826e-04 9.848070451883369492e-01 1.736494034664043951e-01 -5.579520585344865599e-03 -1.736521918875776893e-01 9.847912394018731863e-01
9.999829925947926190e-01 2.437948536116227081e-07 5.832196936262945205e-03 -1.013013868736178588e-03 9.848070451753967447e-01 1.736492371875142382e-01 -5.743546296891752917e-03 -1.736521919609551046e-01 9.847902964098960155e-01
9.999820074331684516e-01 2.481385352704938076e-07 5.998734022200195165e-03 -1.041937676520577347e-03 9.848070451638201162e-01 1.736490661120403400e-01 -5.907552438101736254e-03 -1.736521920266022589e-01 9.847893262157886296e-01
9.999809945364719344e-01 2.517172159067150896e-07 6.165270941759128619e-03 -1.070860702035627632e-03 9.848070451528113667e-01 1.736488902203103257e-01 -6.071558548305106516e-03 -1.736521920890294612e-01 9.847883287079864933e-01
9.999799539680489513e-01 2.550678867984976696e-07 6.331797690521209776e-03 -1.099781736833518007e-03 9.848070451418466931e-01 1.736487095233243960e-01 -6.235554681828778256e-03 -1.736521921512063638e-01 9.847873039488731495e-01
9.999788856029576678e-01 2.589305327224932437e-07 6.498334263477208508e-03 -1.128704981845410219e-03 9.848070451301099704e-01 1.736485239993861562e-01 -6.399560401377913862e-03 -1.736521922177614863e-01 9.847862518154052447e-01
9.999777895028800767e-01 2.638401398491830214e-07 6.664870656198192828e-03 -1.157635790217256171e-03 9.848068714642530530e-01 1.736493184442924054e-01 -6.563564603983982650e-03 -1.736531770994140245e-01 9.847849987195016475e-01
9.999766655312184449e-01 2.703266919230574630e-07 6.831426863598491148e-03 -1.186565192951682945e-03 9.848068714489246478e-01 1.736491232630446302e-01 -6.727589175079522893e-03 -1.736531771863334128e-01 9.847838918244872231e-01
9.999755138179701186e-01 2.781101899765195001e-07 6.997982881479750984e-03 -1.215495840070038736e-03 9.848068714316444705e-01 1.736489232643823044e-01 -6.891613334307239436e-03 -1.736531772843192545e-01 9.847827576093680646e-01
9.999743342915214939e-01 2.875016208778289481e-07 7.164548704964679264e-03 -1.244429773532057439e-03 9.848068714119124767e-01 1.736487184358695424e-01 -7.055646870926520625e-03 -1.736531773962068925e-01 9.847815960036185867e-01
9.999731268735971845e-01 2.985259774580913313e-07 7.331134329127695151e-03 -1.273368753634320947e-03 9.848068713895564708e-01 1.736485087639135505e-01 -7.219699623814007823e-03 -1.736531775229712693e-01 9.847804069301527852e-01
9.999718916292125170e-01 3.114132464349627240e-07 7.497729749554315169e-03 -1.302311269584067099e-03 9.848068713641358052e-01 1.736482942598044921e-01 -7.383761700613336414e-03 -1.736531776671119687e-01 9.847791904529984430e-01
9.999706285534043504e-01 3.258444291966524998e-07 7.664334961583535097e-03 -1.331257006418505454e-03 9.848068713359132698e-01 1.736480749226804454e-01 -7.547833152129684170e-03 -1.736531778271385718e-01 9.847779465672674704e-01
9.999693375628994074e-01 3.422625050756796708e-07 7.830959960246059934e-03 -1.360208136075899800e-03 9.848068713041515654e-01 1.736478507380808667e-01 -7.711923744609610817e-03 -1.736531780072311515e-01 9.847766751909522442e-01
9.999680187277119048e-01 3.612654459019072874e-07 7.997594741157808967e-03 -1.389163510177695996e-03 9.848068712678478276e-01 1.736476217181639192e-01 -7.876023521822326026e-03 -1.736531782130752155e-01 9.847753763930034987e-01
9.999666719612372301e-01 3.820472666895288567e-07 8.164249299318675906e-03 -1.418132110774782042e-03 9.848066975742489904e-01 1.736483726218537027e-01 -8.040141048748776498e-03 -1.736541632462516305e-01 9.847738764402518274e-01
9.999652973368223785e-01 4.047369540623982951e-07 8.330913630365954434e-03 -1.447096411462600899e-03 9.848066975303555459e-01 1.736481339126069445e-01 -8.204269257914521482e-03 -1.736541634951230539e-01 9.847725227009295201e-01
9.999638948495057633e-01 4.287075208915909391e-07 8.497587729628658729e-03 -1.476063669979044146e-03 9.848066974832567766e-01 1.736478903648515648e-01 -8.368406864433257722e-03 -1.736541637621671075e-01 9.847711415220359310e-01
9.999624645809692680e-01 4.529299984445872777e-07 8.664261592809490223e-03 -1.505031135670174738e-03 9.848066974343903102e-01 1.736476419927718839e-01 -8.532544194696126821e-03 -1.736541640392307573e-01 9.847697329840116032e-01
9.999610067078712472e-01 4.767544090511680262e-07 8.830915216057749761e-03 -1.533994694659745204e-03 9.848066973847333649e-01 1.736473888270453347e-01 -8.696661661652177119e-03 -1.736541643207758501e-01 9.847682972608305940e-01
9.999595211502765313e-01 4.995517779001275504e-07 8.997558594427220238e-03 -1.562955463187013687e-03 9.848066973353026832e-01 1.736471308537907710e-01 -8.860769217725794969e-03 -1.736541646010364981e-01 9.847668342737718739e-01
9.999580080048675601e-01 5.209061251940066987e-07 9.164181723754336387e-03 -1.591911294307772270e-03 9.848066972868511071e-01 1.736468680897974293e-01 -9.024857082989822324e-03 -1.736541648757469469e-01 9.847653441180486134e-01
9.999564671883759415e-01 5.407304594580357357e-07 9.330794599068169964e-03 -1.620863838022217757e-03 9.848066972396439800e-01 1.736466005206054319e-01 -9.188935115723748798e-03 -1.736541651434014566e-01 9.847638267116574085e-01
9.999548988008171158e-01 5.589417899180545742e-07 9.497387216240419164e-03 -1.649820628325549118e-03 9.848065235392946537e-01 1.736473129257781467e-01 -9.352991828392364856e-03 -1.736551502090748489e-01 9.847621085062735480e-01
9.999533027555902454e-01 5.758711071504025316e-07 9.663969570274337853e-03 -1.678765184925835961e-03 9.848065234947018798e-01 1.736470357643145335e-01 -9.517040277349718760e-03 -1.736551504619071873e-01 9.847605367105303209e-01
9.999516791560426610e-01 5.915074164813178738e-07 9.830531657077990967e-03 -1.707704948662477342e-03 9.848065234513394550e-01 1.736467538179012893e-01 -9.681068991542579952e-03 -1.736551507077651324e-01 9.847589377791117204e-01
9.999500278122717134e-01 6.055087398914891592e-07 9.997093471127987616e-03 -1.736643054875375899e-03 9.848065234099115939e-01 1.736464670535607935e-01 -9.845097721052027684e-03 -1.736551509426564055e-01 9.847573115250002340e-01
9.999483490292322418e-01 6.178920836256180269e-07 1.016362500935251607e-02 -1.765574310118457830e-03 9.848065233705333155e-01 1.736461755242500182e-01 -1.000909691570504682e-02 -1.736551511659282787e-01 9.847556582485172960e-01
9.999466429252601429e-01 6.290594334378635746e-07 1.033011626781738662e-02 -1.794497373049303403e-03 9.848065233326253054e-01 1.736458792505185811e-01 -1.017305665375261604e-02 -1.736551513808670122e-01 9.847539780662009079e-01
9.999449080508517884e-01 6.394757680925953724e-07 1.049670723439904800e-02 -1.823437011217926345e-03 9.848065232954293924e-01 1.736455779806528321e-01 -1.033711471541915415e-02 -1.736551515917680311e-01 9.847522695505710466e-01
9.999431464887373888e-01 6.496170648890855457e-07 1.066319791532412825e-02 -1.852358963444521774e-03 9.848065232581515449e-01 1.736452720763295987e-01 -1.050107406287194463e-02 -1.736551518031353436e-01 9.847505347527140129e-01
9.999413572059488997e-01 6.601112869596031024e-07 1.082968830064137168e-02 -1.881281211973997655e-03 9.848065232196229202e-01 1.736449613581687312e-01 -1.066503305790793797e-02 -1.736551520215933175e-01 9.847487726553565413e-01
9.999395391029127778e-01 6.713674060701094161e-07 1.099627837968925222e-02 -1.910232352344435735e-03 9.848063495233754239e-01 1.736456303821190816e-01 -1.082908818942814391e-02 -1.736561370582471731e-01 9.847468085304936780e-01
9.999376943622754199e-01 6.841623701712474312e-07 1.116276815975988934e-02 -1.939156925767517806e-03 9.848063494791483574e-01 1.736453100316010245e-01 -1.099304615990832727e-02 -1.736561373090093896e-01 9.847449918182069606e-01
9.999358207681834365e-01 6.984111736305759392e-07 1.132935762395561284e-02 -1.968100241858394828e-03 9.848063494313074040e-01 1.736449846705039324e-01 -1.115710204745194029e-02 -1.736561375802588014e-01 9.847431466908560527e-01
9.999339205699011579e-01 7.143517929213383068e-07 1.149584678030667224e-02 -1.997027805169522812e-03 9.848063493792753587e-01 1.736446546894263587e-01 -1.132105885736690160e-02 -1.736561378752690399e-01 9.847412753635309546e-01
9.999319914849608137e-01 7.319952147067388204e-07 1.166243561116619802e-02 -2.025974354695240891e-03 9.848063493228582654e-01 1.736443196920038068e-01 -1.148511353163440482e-02 -1.736561381951380600e-01 9.847393755884430444e-01
9.999300346463462219e-01 7.515604131307857025e-07 1.182902411832829383e-02 -2.054922740806717444e-03 9.848063492614702596e-01 1.736439798749858932e-01 -1.164916755335551612e-02 -1.736561385431864002e-01 9.847374484813622431e-01
9.999280500541114503e-01 7.734443467170095897e-07 1.199561229716920516e-02 -2.083873353669130415e-03 9.848063491941171366e-01 1.736436352383821102e-01 -1.181322084903524416e-02 -1.736561389250498577e-01 9.847354940423421743e-01
9.999260377083120099e-01 7.971530363736876060e-07 1.216220014306517751e-02 -2.112825705985199153e-03 9.848063491216415555e-01 1.736432857822020059e-01 -1.197727349990621720e-02 -1.736561393359529193e-01 9.847335122714371280e-01
9.999239976090035231e-01 8.222924990539375220e-07 1.232878765139247546e-02 -2.141779408938281580e-03 9.848063490447286350e-01 1.736429315064552670e-01 -1.214132556983546669e-02 -1.736561397720100819e-01 9.847315031687019493e-01
9.999219297562431663e-01 8.486457408474845459e-07 1.249537481752736878e-02 -2.170746553398467116e-03 9.848061753070924684e-01 1.736435571405316736e-01 -1.230537492121249431e-02 -1.736571250375174846e-01 9.847292930911278885e-01
9.999198341500887821e-01 8.751728354012497060e-07 1.266196163684613595e-02 -2.199701667663337031e-03 9.848061752241801248e-01 1.736431932236175424e-01 -1.246942604261198212e-02 -1.736571255075799458e-01 9.847272293252646858e-01
9.999177107905991013e-01 9.013828198164053980e-07 1.282854810472507101e-02 -2.228656408714619740e-03 9.848061751404386666e-01 1.736428244871393578e-01 -1.263347687296064413e-02 -1.736571259823422864e-01 9.847251382277458776e-01
9.999155596778334099e-01 9.268737278747525845e-07 1.299513421654046805e-02 -2.257610379857292928e-03 9.848061750568031236e-01 1.736424509311073616e-01 -1.279752747751519010e-02 -1.736571264565038575e-01 9.847230197986295286e-01
9.999133808118515487e-01 9.517455534316704340e-07 1.316171996766863847e-02 -2.286563678769038075e-03 9.848061749731072956e-01 1.736420725555319067e-01 -1.296157783435647817e-02 -1.736571269310069332e-01 9.847208740379743697e-01
9.999111741927140251e-01 9.756913257317278470e-07 1.332830535348590237e-02 -2.315516002311424591e-03 9.848061748901156820e-01 1.736416893604234846e-01 -1.312562799224380877e-02 -1.736571274015172583e-01 9.847187009458397977e-01
9.999089398204826784e-01 9.985010680335474915e-07 1.349489036936858850e-02 -2.344467142872222552e-03 9.848061748084013800e-01 1.736413013457927812e-01 -1.328967798309176572e-02 -1.736571278647882632e-01 9.847165005222865419e-01
9.999066776952193480e-01 1.020144788852124706e-06 1.366147501069303431e-02 -2.373417070104314776e-03 9.848061747281339207e-01 1.736409085116505102e-01 -1.345372780755664868e-02 -1.736571283198572180e-01 9.847142727673752205e-01
9.999043891997880795e-01 1.040590498796703185e-06 1.382795928239674219e-02 -2.402348387639877125e-03 9.848061746495098134e-01 1.736405110981407984e-01 -1.361767899544026085e-02 -1.736571287656119567e-01 9.847120190429589082e-01
9.999020715853088603e-01 1.059986187067267111e-06 1.399454316096553595e-02 -2.431295968569738286e-03 9.848061745722372917e-01 1.736401086279011352e-01 -1.378172845911986889e-02 -1.736571292037056569e-01 9.847097366419236275e-01
9.998997276340959584e-01 1.078631832188423107e-06 1.416102666113525435e-02 -2.460239325149785918e-03 9.848060008380840058e-01 1.736406862914416926e-01 -1.394567673954249729e-02 -1.736581144436862290e-01 9.847072546641157942e-01
9.998973559634132258e-01 1.096557433364836015e-06 1.432750976872945378e-02 -2.489168122768348375e-03 9.848060007622657652e-01 1.736402744316218882e-01 -1.410962718969108881e-02 -1.736581148735351632e-01 9.847049190286083498e-01
9.998949565733259437e-01 1.114332934353604388e-06 1.449399247913284519e-02 -2.518096703690608437e-03 9.848060006857882742e-01 1.736398577581030334e-01 -1.427357727473249453e-02 -1.736581153071219130e-01 9.847025560948650114e-01
9.998925279978480019e-01 1.132008327722687190e-06 1.466057477698302740e-02 -2.547042480298999587e-03 9.848060006085175289e-01 1.736394360163047434e-01 -1.443762545145517266e-02 -1.736581157452060931e-01 9.847001644191739622e-01
9.998900731525027785e-01 1.150213546750757514e-06 1.482705667891350693e-02 -2.575971344289966145e-03 9.848060005288782337e-01 1.736390097125313781e-01 -1.460157466563458475e-02 -1.736581161967161724e-01 9.846977468727609040e-01
9.998875905879539561e-01 1.169138563047309729e-06 1.499353816980461551e-02 -2.604900845960935688e-03 9.848060004463103922e-01 1.736385785950939897e-01 -1.476552334998610869e-02 -1.736581166648280827e-01 9.846953020283106817e-01
9.998850787882628266e-01 1.189113329949502272e-06 1.516011923354906518e-02 -2.633848673310666168e-03 9.848060003598613221e-01 1.736381424007376606e-01 -1.492956991194034459e-02 -1.736581171549396729e-01 9.846928283929186065e-01
9.998825407688645139e-01 1.210477801506194236e-06 1.532659988826191692e-02 -2.662780432699144318e-03 9.848060002685760095e-01 1.736377016531171491e-01 -1.509351734909266697e-02 -1.736581176724671105e-01 9.846903289362033407e-01
9.998799734811570916e-01 1.233321950890428260e-06 1.549318010608436227e-02 -2.691746197102116381e-03 9.848058265134386202e-01 1.736382405105319493e-01 -1.525755988784044045e-02 -1.736591030256170176e-01 9.846876270181357249e-01
9.998773800071896201e-01 1.257695762442706771e-06 1.565965990614699363e-02 -2.720680936285774232e-03 9.848058264114482041e-01 1.736377901302231241e-01 -1.542150593168246410e-02 -1.736591036038211411e-01 9.846850729498829446e-01
9.998747572317502330e-01 1.283629214587253840e-06 1.582623925956442787e-02 -2.749634500110943475e-03 9.848058263037360316e-01 1.736373346614479563e-01 -1.558554974534046011e-02 -1.736591042144585428e-01 9.846824900253722257e-01
9.998721067042244393e-01 1.310912321658525479e-06 1.599281817371572476e-02 -2.778589317141418307e-03 9.848058261907712829e-01 1.736368743732713271e-01 -1.574959289196678838e-02 -1.736591048548680460e-01 9.846798797704475747e-01
9.998694300406207880e-01 1.339475081954718970e-06 1.615929665703447551e-02 -2.807527953996941106e-03 9.848058260726566537e-01 1.736364095463277524e-01 -1.591353691144004739e-02 -1.736591055244680881e-01 9.846772437765635155e-01
9.998667240258021227e-01 1.368997521202503287e-06 1.632587467905365075e-02 -2.836484822065610256e-03 9.848058259501424327e-01 1.736359396222794671e-01 -1.607757879049301342e-02 -1.736591062190046275e-01 9.846745788774339259e-01
9.998639902591214268e-01 1.398939704692157304e-06 1.649245224793903161e-02 -2.865442025061922318e-03 9.848058258247156527e-01 1.736354648788684396e-01 -1.624162015036032317e-02 -1.736591069300504886e-01 9.846718866481102284e-01
9.998612287406548615e-01 1.428811694483655864e-06 1.665902935906716370e-02 -2.894399079628116791e-03 9.848058256977579861e-01 1.736349853161078816e-01 -1.640566107158173900e-02 -1.736591076497735475e-01 9.846691670886668080e-01
9.998584411530354599e-01 1.458303535007147781e-06 1.682550602197058209e-02 -2.923338316221378227e-03 9.848058255702070163e-01 1.736345012262021370e-01 -1.656960313679629176e-02 -1.736591083728591112e-01 9.846664218561699267e-01
9.998556241478873119e-01 1.487045275571283625e-06 1.699208220399561070e-02 -2.952294096609785982e-03 9.848058254431378833e-01 1.736340120276752552e-01 -1.673364333926628464e-02 -1.736591090932129711e-01 9.846636476531190896e-01
9.998527811070484494e-01 1.514606988405548590e-06 1.715855792911786387e-02 -2.981248167256902483e-03 9.848056516583468811e-01 1.736345029685749664e-01 -1.689758183487078541e-02 -1.736600946086487018e-01 9.846606741759564851e-01
9.998499086155336890e-01 1.540828700172274070e-06 1.732513316355723323e-02 -3.010201465417454685e-03 9.848056515355695373e-01 1.736340041315072580e-01 -1.706162151282059058e-02 -1.736600953046742168e-01 9.846578453301049194e-01
9.998470101217920014e-01 1.565750419381904854e-06 1.749160793242690581e-02 -3.039136036472890254e-03 9.848056514152520036e-01 1.736335007788907536e-01 -1.722556247746720448e-02 -1.736600959867570515e-01 9.846549908771118353e-01
9.998440839100428690e-01 1.589522129279007890e-06 1.765808221638984904e-02 -3.068069390792885990e-03 9.848056512970209120e-01 1.736329926127629930e-01 -1.738950316428401754e-02 -1.736600966570154558e-01 9.846521091272670834e-01
9.998411299803668939e-01 1.612343806207737252e-06 1.782455601083102539e-02 -3.097001724537124575e-03 9.848056511803565671e-01 1.736324796331379650e-01 -1.755344353399409391e-02 -1.736600973183943519e-01 9.846492000806503775e-01
9.998381483328461217e-01 1.634455417844126073e-06 1.799102931113540429e-02 -3.125933273257517752e-03 9.848056510645912809e-01 1.736319618400299636e-01 -1.771738354037410978e-02 -1.736600979746787954e-01 9.846462637373424309e-01
9.998351389675620426e-01 1.656376882972127145e-06 1.815750211268797251e-02 -3.154864548251559448e-03 9.848056509481460941e-01 1.736314392334533108e-01 -1.788132308857591155e-02 -1.736600986348177389e-01 9.846433000974247340e-01
9.998321000521938062e-01 1.679268003644241226e-06 1.832407439408382382e-02 -3.183814054183528846e-03 9.848056508273151932e-01 1.736309114952073740e-01 -1.804536043663974507e-02 -1.736600993198156029e-01 9.846403073564190533e-01
9.998290352349834542e-01 1.703008795717394420e-06 1.849054618398130248e-02 -3.212746945839754439e-03 9.848056507024578465e-01 1.736303792588461126e-01 -1.820929867249647394e-02 -1.736601000276358775e-01 9.846372891071347722e-01
9.998259427002599287e-01 1.727979180251725575e-06 1.865701746127923499e-02 -3.241699333023422870e-03 9.848054769116463270e-01 1.736308268432167901e-01 -1.837323294825017606e-02 -1.736610855714052770e-01 9.846340699311548761e-01
9.998228224481084947e-01 1.754509085290190862e-06 1.882348822136266711e-02 -3.270634957386549940e-03 9.848054767748803950e-01 1.736302849769480183e-01 -1.853716965649293558e-02 -1.736610863467183408e-01 9.846309970897747510e-01
9.998196744786177481e-01 1.781278732052989884e-06 1.898995845961665499e-02 -3.299570727481534581e-03 9.848054766357874357e-01 1.736297382972570857e-01 -1.870110580915650134e-02 -1.736610871352206042e-01 9.846278969522080926e-01
9.998164968762250915e-01 1.809427903388692501e-06 1.915652815307605089e-02 -3.328525128103850591e-03 9.848054764905208591e-01 1.736291864714857303e-01 -1.886513966619929664e-02 -1.736610879587144329e-01 9.846247676320003528e-01
9.998132934556644980e-01 1.840316336734181637e-06 1.932299733350603330e-02 -3.357464771894555760e-03 9.848054763344569196e-01 1.736286301621051409e-01 -1.902907406162823722e-02 -1.736610888434045319e-01 9.846216128859249794e-01
9.998100603690743826e-01 1.872764220280710640e-06 1.948956595926518848e-02 -3.386423221762458174e-03 9.848054761712903282e-01 1.736280687008913137e-01 -1.919310612045122336e-02 -1.736610897683504851e-01 9.846184289245849541e-01
9.998068014978024332e-01 1.905851721153449474e-06 1.965603406340047515e-02 -3.415364845214726060e-03 9.848054760040921840e-01 1.736275027618828237e-01 -1.935703907388477626e-02 -1.736610907161454109e-01 9.846152195703512522e-01
9.998035129273799004e-01 1.939058925114308544e-06 1.982260160297766652e-02 -3.444323854907271713e-03 9.848054758345323734e-01 1.736269316652887806e-01 -1.952106993104730029e-02 -1.736610916773253521e-01 9.846119809682323254e-01
9.998001986057624135e-01 1.972055901742493569e-06 1.998906861234768864e-02 -3.473265199608942342e-03 9.848054756638133789e-01 1.736263560967152009e-01 -1.968500182197942955e-02 -1.736610926450745107e-01 9.846087170061961213e-01
9.997968545518752803e-01 2.004482715725195002e-06 2.015563504726131452e-02 -3.502223249316163689e-03 9.848054754931465649e-01 1.736257753648043634e-01 -1.984903172671878546e-02 -1.736610936125291271e-01 9.846054237636577833e-01
9.997934847802820713e-01 2.036229400780576447e-06 2.032210094339562123e-02 -3.531183182646260767e-03 9.848053016614516375e-01 1.736261747687478929e-01 -2.001295920723338700e-02 -1.736620793822040987e-01 9.846019315684987339e-01
9.997900872921640092e-01 2.067495915217032085e-06 2.048856627615557036e-02 -3.560122696403090776e-03 9.848053014912145908e-01 1.736255847540462693e-01 -2.017688971852486107e-02 -1.736620803472174734e-01 9.845985857042264255e-01
9.997866620876154631e-01 2.098212276259875363e-06 2.065503104092636377e-02 -3.589061569878842194e-03 9.848053013211420792e-01 1.736249899260527974e-01 -2.034081976597170230e-02 -1.736620813112978168e-01 9.845952125446663095e-01
9.997832070845767971e-01 2.128398478237287398e-06 2.082159521141403388e-02 -3.618017184407221545e-03 9.848053011511729293e-01 1.736243899231927346e-01 -2.050484780073711863e-02 -1.736620822747944048e-01 9.845918100393945549e-01
9.997797264308067033e-01 2.158024539504247711e-06 2.098805882601413597e-02 -3.646954784704194413e-03 9.848053009815357361e-01 1.736237854657742830e-01 -2.066877690478135382e-02 -1.736620832364100808e-01 9.845883822731459345e-01
9.997762180608930072e-01 2.187280416590569485e-06 2.115452185877802344e-02 -3.675891919580336065e-03 9.848053008115441598e-01 1.736231761951138874e-01 -2.083270550008512259e-02 -1.736620842000342890e-01 9.845849272118921691e-01
9.997726819749327420e-01 2.216306079132481024e-06 2.132098430509096754e-02 -3.704828726106985156e-03 9.848053006407118115e-01 1.736225621112283957e-01 -2.099663355779112645e-02 -1.736620851684245181e-01 9.845814448557288490e-01
9.997691181730234966e-01 2.245331474052659565e-06 2.148744616033826035e-02 -3.733765429987961904e-03 9.848053004682000289e-01 1.736219432141348218e-01 -2.116056103341250674e-02 -1.736620861463345489e-01 9.845779352047526745e-01
9.997655266552633035e-01 2.274686521560513175e-06 2.165390741990519397e-02 -3.762702355407614510e-03 9.848053002927668054e-01 1.736213195038503743e-01 -2.132448786509617486e-02 -1.736620871408013633e-01 9.845743982590610122e-01
9.997619074217505286e-01 2.304841103755112576e-06 2.182036807917709861e-02 -3.791639964423041288e-03 9.848053001126015893e-01 1.736206909803922893e-01 -2.148841396667640347e-02 -1.736620881620867529e-01 9.845708340187516727e-01
9.997582604725855360e-01 2.335835199772399219e-06 2.198682813353930454e-02 -3.820599947962478090e-03 9.848051262649006876e-01 1.736210422109336904e-01 -2.165233550607302548e-02 -1.736630740166632825e-01 9.845670688633738621e-01
9.997545858078685788e-01 2.367848753669357774e-06 2.215328757837716628e-02 -3.849539341739224071e-03 9.848051260740600110e-01 1.736204040575619612e-01 -2.181626005972127358e-02 -1.736630750984444749e-01 9.845634500347647533e-01
9.997508834277014644e-01 2.401011719153418227e-06 2.231974640907605223e-02 -3.878479761388625106e-03 9.848051258769067173e-01 1.736197610910419908e-01 -2.198018380884972020e-02 -1.736630762160026598e-01 9.845598039118416134e-01
9.997471533321874437e-01 2.435044151489890976e-06 2.248620462102134815e-02 -3.907420930363857993e-03 9.848051256744347892e-01 1.736191133113916263e-01 -2.214410679753953115e-02 -1.736630773637028724e-01 9.845561304947055836e-01
9.997433932561585745e-01 2.469756081271105474e-06 2.265276218393789953e-02 -3.936380022596615291e-03 9.848051254672736121e-01 1.736184603252349523e-01 -2.230812750948506576e-02 -1.736630785379776054e-01 9.845524275526076341e-01
9.997396077136154746e-01 2.505437433500260120e-06 2.281921914415369415e-02 -3.965322599121156623e-03 9.848051252542996403e-01 1.736178029164870129e-01 -2.247204897892104286e-02 -1.736630797451951536e-01 9.845486995309592482e-01
9.997357944560383292e-01 2.541748278546397826e-06 2.298567547176939493e-02 -3.994265686213670404e-03 9.848051250367442222e-01 1.736171406946629692e-01 -2.263596971596139665e-02 -1.736630809783759888e-01 9.845449442154056152e-01
9.997319534835333865e-01 2.578338699998353514e-06 2.315213116217045355e-02 -4.023208938390987650e-03 9.848051248159610527e-01 1.736164736597811398e-01 -2.279988977684378054e-02 -1.736630822298498855e-01 9.845411616060508742e-01
9.997280847962083383e-01 2.614838792194685486e-06 2.331858621074234597e-02 -4.052151990473838727e-03 9.848051245934248410e-01 1.736158018118600654e-01 -2.296380922127911825e-02 -1.736630834912578081e-01 9.845373517030002741e-01
9.997241860456616003e-01 2.651168568980704946e-06 2.348514058528928389e-02 -4.081112124388940575e-03 9.848051243694240231e-01 1.736151247430691158e-01 -2.312782651196739966e-02 -1.736630847609663686e-01 9.845335121935351319e-01
9.997202619123737311e-01 2.687338038850505152e-06 2.365159433596692590e-02 -4.110077917832520231e-03 9.848049504804452514e-01 1.736154277957956960e-01 -2.329174062547224519e-02 -1.736640708436434644e-01 9.845294740720816895e-01
9.997163100645901634e-01 2.723307205927485008e-06 2.381804743096915464e-02 -4.139020272623406688e-03 9.848049502537782329e-01 1.736147415020865836e-01 -2.345565820912112048e-02 -1.736640721284547217e-01 9.845255822728731232e-01
9.997123305024202544e-01 2.759156046577160834e-06 2.398449986568151893e-02 -4.167962394569103834e-03 9.848049500255295907e-01 1.736140503953861880e-01 -2.361957516335289400e-02 -1.736640734222288651e-01 9.845216631804003526e-01
9.997083232259741381e-01 2.794874562166905265e-06 2.415095163548958493e-02 -4.196904273020201498e-03 9.848049497957518383e-01 1.736133544757137159e-01 -2.378349148535987764e-02 -1.736640747246689376e-01 9.845177167947718466e-01
9.997042882353633919e-01 2.830462751288347302e-06 2.431740273577893269e-02 -4.225845907175339831e-03 9.848049495644564111e-01 1.736126537430884575e-01 -2.394740717059777244e-02 -1.736640760357109625e-01 9.845137431160971841e-01
9.997002255306989271e-01 2.866080564590834472e-06 2.448385316193516653e-02 -4.254787453801956408e-03 9.848049493309734004e-01 1.736119481975297862e-01 -2.411132218673604430e-02 -1.736640773591486830e-01 9.845097421444863883e-01
9.996961351120939865e-01 2.901678013939108253e-06 2.465030290934390120e-02 -4.283728862858452759e-03 9.848049490955150809e-01 1.736112378390573252e-01 -2.427523653791363936e-02 -1.736640786937830583e-01 9.845057138800505925e-01
9.996920169796610356e-01 2.937395053499791135e-06 2.481675197339077918e-02 -4.312670271416171874e-03 9.848049488574788235e-01 1.736105226676907254e-01 -2.443915019527332505e-02 -1.736640800430256371e-01 9.845016583229011520e-01
9.996878711335139833e-01 2.973431616393447337e-06 2.498320034946145338e-02 -4.341611875634756104e-03 9.848049486159859978e-01 1.736098026834498320e-01 -2.460306311953805794e-02 -1.736640814118559639e-01 9.844975754731508655e-01
9.996836975737680708e-01 3.009667733598630700e-06 2.514964803294160445e-02 -4.370553556536273775e-03 9.848049483715336505e-01 1.736090778863545736e-01 -2.476697532700332730e-02 -1.736640827974592349e-01 9.844934653309126427e-01
9.996794988321426878e-01 3.046323336800617985e-06 2.531599505126717192e-02 -4.399503099927749156e-03 9.848047744586125862e-01 1.736093332053172400e-01 -2.493078392649528824e-02 -1.736650690099798278e-01 9.844891567805962307e-01
9.996752698621897970e-01 3.083498369899703265e-06 2.548244133614627899e-02 -4.428445627569881950e-03 9.848047742057901566e-01 1.736085987812996112e-01 -2.509469456442448704e-02 -1.736650704430071634e-01 9.844849920708510504e-01
9.996710131789863230e-01 3.121092863676517711e-06 2.564888691459478107e-02 -4.457388446147742510e-03 9.848047739489441676e-01 1.736078595444609796e-01 -2.525860443371804459e-02 -1.736650718988361208e-01 9.844808000689667660e-01
9.996667287826501713e-01 3.159226769647750850e-06 2.581533178199842821e-02 -4.486331673036566235e-03 9.848047736874994129e-01 1.736071154948218842e-01 -2.542251350899200207e-02 -1.736650733807238722e-01 9.844765807750598396e-01
9.996624166733000250e-01 3.197880084452128061e-06 2.598177593374299474e-02 -4.515275287738929055e-03 9.848047734214997462e-01 1.736063666324029475e-01 -2.558642178917555979e-02 -1.736650748884240592e-01 9.844723341892470669e-01
9.996580768510553439e-01 3.237022808405021330e-06 2.614821936521427234e-02 -4.544219259909362645e-03 9.848047731510364278e-01 1.736056129572249307e-01 -2.575032927493456705e-02 -1.736650764214198728e-01 9.844680603116461315e-01
9.996537093160366982e-01 3.276574959573999930e-06 2.631466207179808045e-02 -4.573163509962160922e-03 9.848047728764321995e-01 1.736048544693087059e-01 -2.591423597561815992e-02 -1.736650779778789178e-01 9.844637591423756051e-01
9.996493140683649914e-01 3.316576515269346075e-06 2.648110404888024891e-02 -4.602108076488193970e-03 9.848047725974679034e-01 1.736040911686753396e-01 -2.607814187973567580e-02 -1.736650795590458929e-01 9.844594306815546148e-01
9.996448911081623478e-01 3.356967487536405755e-06 2.664754529184663184e-02 -4.631052899597861566e-03 9.848047723143823484e-01 1.736033230553459539e-01 -2.624204699316298739e-02 -1.736650811635674085e-01 9.844550749293032865e-01
9.996404404355517803e-01 3.397587925369840435e-06 2.681398579608310767e-02 -4.659997820921086241e-03 9.848047720278870765e-01 1.736025501293418372e-01 -2.640595133914249229e-02 -1.736650827874101910e-01 9.844506918857423017e-01
9.996359620506561905e-01 3.438527789556167862e-06 2.698042555697556175e-02 -4.688942928288988843e-03 9.848047717375399968e-01 1.736017723906844723e-01 -2.656985489750032792e-02 -1.736650844330785426e-01 9.844462815509932296e-01
9.996314559536003674e-01 3.479657120301180140e-06 2.714686456990991759e-02 -4.717914826630970407e-03 9.848045977783485005e-01 1.736019742811524824e-01 -2.673375296836752804e-02 -1.736660709019388904e-01 9.844416703236962274e-01
9.996269221445095443e-01 3.520875948922729772e-06 2.731330283027210912e-02 -4.746860113056617335e-03 9.848045974819259474e-01 1.736011869127884466e-01 -2.689765497142436457e-02 -1.736660725820252660e-01 9.844372054077258349e-01
9.996223606235089543e-01 3.562274236780228202e-06 2.747974033344809455e-02 -4.775805445249590823e-03 9.848045971822578792e-01 1.736003947318089102e-01 -2.706155619754074815e-02 -1.736660742805022917e-01 9.844327132009411674e-01
9.996177741553384788e-01 3.603632072023348021e-06 2.764607711304657017e-02 -4.804733245791784763e-03 9.848045968804484129e-01 1.735995982183549946e-01 -2.722535823755978940e-02 -1.736660759911138607e-01 9.844281964260700457e-01
9.996131572275430699e-01 3.645099373977964969e-06 2.781251308846978756e-02 -4.833678381602368734e-03 9.848045965756514475e-01 1.735987964151008978e-01 -2.738925794698137545e-02 -1.736660777186542770e-01 9.844236496544218618e-01
9.996085125882196998e-01 3.686726127889210753e-06 2.797894829286756702e-02 -4.862623541080783422e-03 9.848045962676761356e-01 1.735979897992976084e-01 -2.755315686930689262e-02 -1.736660794642043981e-01 9.844190755923353242e-01
9.996038402374969323e-01 3.728512328064752493e-06 2.814538272162594654e-02 -4.891568723425741838e-03 9.848045959565088214e-01 1.735971783709674143e-01 -2.771705499999246869e-02 -1.736660812278427446e-01 9.844144742399369985e-01
9.995991401755044414e-01 3.770457968785679111e-06 2.831181637013099189e-02 -4.920513927835960463e-03 9.848045956421354052e-01 1.735963621301329085e-01 -2.788095233449429736e-02 -1.736660830096478925e-01 9.844098455973547823e-01
9.995944152501917701e-01 3.812643022721617573e-06 2.847814927432740575e-02 -4.949441872740392712e-03 9.848045953242122730e-01 1.735955415713860417e-01 -2.804475041385616485e-02 -1.736660848115664790e-01 9.844051924692627242e-01
9.995896597826936514e-01 3.855057465523440865e-06 2.864458134895961003e-02 -4.978387266680569037e-03 9.848045950026369511e-01 1.735947157085011572e-01 -2.820864611677748740e-02 -1.736660866341811771e-01 9.844005092630883080e-01
9.995848766043181621e-01 3.897801259548166468e-06 2.881101262949956748e-02 -5.007332847699436443e-03 9.848045946769539150e-01 1.735938850331801564e-01 -2.837254098036318811e-02 -1.736660884800707572e-01 9.843957987671168031e-01
9.995800657151957536e-01 3.941344199135443737e-06 2.897744311133343062e-02 -5.036307614286286184e-03 9.848044206781847443e-01 1.735940339364203111e-01 -2.853642988215311302e-02 -1.736670751673170809e-01 9.843908873879371191e-01
