1.000000000000000000e+00 0.000000000000000000e+00 0.000000000000000000e+00 0.000000000000000000e+00 9.848077400232231327e-01 1.736482513311081999e-01 0.000000000000000000e+00 -1.736482513311081999e-01 9.848077400232231327e-01
9.999988755701355592e-01 7.678631365907881847e-08 1.499619437927454712e-03 -2.604819128992896522e-04 9.848077400032244633e-01 1.736480560758290048e-01 -1.476823495736142395e-03 -1.736482514445086556e-01 9.848066326759924438e-01
9.999955003333517167e-01 1.830801761965323948e-07 2.999885500497006131e-03 -5.211081252191017421e-04 9.848075662790909401e-01 1.736484547750879737e-01 -2.954278147270692888e-03 -1.736492366796364983e-01 9.848031350687345142e-01
9.999898746570285990e-01 3.325536327463296664e-07 4.500064811705364182e-03 -7.817647534170998717e-04 9.848073924648239608e-01 1.736484626782064389e-01 -4.431639345711184744e-03 -1.736502224200232591e-01 9.847974212121931581e-01
9.999820004738948498e-01 4.475199447081111084e-07 5.999894001324780970e-03 -1.042323647866820902e-03 9.848073922583804318e-01 1.736470953245732585e-01 -5.908662254732859227e-03 -1.736502235905501568e-01 9.847896666584755598e-01
9.999718784315509978e-01 5.603232423885154693e-07 7.499489700071969821e-03 -1.302847254845927120e-03 9.848072183441559657e-01 1.736463224093052760e-01 -7.385454292458124188e-03 -1.736512098919321956e-01 9.847795247505719551e-01
9.999595086425827617e-01 7.014055979853164176e-07 8.998948538152928139e-03 -1.563377903537791153e-03 9.848070443259752116e-01 1.736451591478075374e-01 -8.862106116213250631e-03 -1.736521967769043551e-01 9.847671692485183703e-01
9.999448923045107795e-01 8.481042603531665481e-07 1.049820715174931522e-02 -1.823871933940782479e-03 9.848070438757746681e-01 1.736426209887031169e-01 -1.033856108406312063e-02 -1.736521993294024568e-01 9.847527749759188431e-01
9.999280320593899596e-01 9.770236805573485841e-07 1.199711218923078977e-02 -2.084298875786288596e-03 9.848068697335705668e-01 1.736406779063090211e-01 -1.181466884986461657e-02 -1.736531869117626525e-01 9.847359972476666945e-01
9.999089249753829733e-01 1.108109069747422930e-06 1.349599026919422705e-02 -2.344726228548583372e-03 9.848066955181443705e-01 1.736383446176165135e-01 -1.329074916952567055e-02 -1.736541749034704041e-01 9.847170068223193296e-01
9.998875725948842552e-01 1.254898899110142418e-06 1.499473803490252583e-02 -2.605149378982030833e-03 9.848065211925449702e-01 1.736356213838354534e-01 -1.476669790519577474e-02 -1.736551635139672312e-01 9.846958052200254219e-01
9.998639737661564331e-01 1.407988450578956905e-06 1.649345211192104754e-02 -2.865559602582165750e-03 9.848065204270888273e-01 1.736315233258467761e-01 -1.624261471299228571e-02 -1.736551678537312793e-01 9.846725649397254365e-01
9.998381267429974351e-01 1.568046134172328556e-06 1.799222911690045307e-02 -3.126005346486515971e-03 9.848063459043955303e-01 1.736280195043579389e-01 -1.771858915454463737e-02 -1.736561575757485099e-01 9.846469369953878559e-01
9.998100291847199506e-01 1.745198400244576690e-06 1.949116565533683468e-02 -3.386479401776646206e-03 9.848063448959974986e-01 1.736231401911819683e-01 -1.919472059996816041e-02 -1.736561632926967580e-01 9.846192663418431579e-01
9.997796823541172939e-01 1.944241554886031744e-06 2.099015836339336236e-02 -3.647005459274081044e-03 9.848061700587166234e-01 1.736188548673857635e-01 -2.067089990978700914e-02 -1.736571547921428593e-01 9.845892069723378714e-01
9.997470858697100615e-01 2.158403971041764293e-06 2.248920386238015962e-02 -3.907536399538284917e-03 9.848061687151958843e-01 1.736131942560340535e-01 -2.214713196575768261e-02 -1.736571624086908072e-01 9.845571057535732473e-01
9.997122369562247979e-01 2.387382801712590161e-06 2.398839874358808452e-02 -4.168107895611081713e-03 9.848061671981511722e-01 1.736071424943618768e-01 -2.362350855718768280e-02 -1.736571710088228304e-01 9.845227863288187331e-01
9.996751373412718911e-01 2.631214938747917897e-06 2.548763964720504246e-02 -4.428727137643551429e-03 9.848059918381609767e-01 1.736016843685465327e-01 -2.509992345903409514e-02 -1.736581654651829232e-01 9.844860767982540617e-01
9.996357866585227070e-01 2.885318745545572920e-06 2.698692319015892280e-02 -4.689340304336856238e-03 9.848059899604005851e-01 1.735948508038919758e-01 -2.657638273179259783e-02 -1.736581761098230647e-01 9.844473240103317480e-01
9.995941873953284595e-01 3.146782477582133084e-06 2.848614602873808174e-02 -4.949978259717850368e-03 9.848058142549289684e-01 1.735886111613162697e-01 -2.805277598921630811e-02 -1.736591725184249979e-01 9.844061832188554240e-01
9.995503366467274331e-01 3.413964174830172868e-06 2.998540474562504804e-02 -5.210601531945187152e-03 9.848058120418123895e-01 1.735809960806247720e-01 -2.952920827061563877e-02 -1.736591850637663192e-01 9.843629987468541787e-01
9.995042372100535477e-01 3.686611408711768430e-06 3.148459600435930122e-02 -5.471249511453032781e-03 9.848056359996244513e-01 1.735739748123508175e-01 -3.100556769246849698e-02 -1.736601833748429025e-01 9.843174261803372405e-01
9.994558825922456036e-01 3.965740996558583554e-06 3.298391632338807528e-02 -5.731929277362091818e-03 9.848054597767699203e-01 1.735665618159903667e-01 -3.248205256006286845e-02 -1.736611827039583056e-01 9.842696327142007595e-01
9.994052823474747216e-01 4.253149072006177530e-06 3.448306247819546422e-02 -5.992555985744348231e-03 9.848054570192568136e-01 1.735577745243653547e-01 -3.395836993617521588e-02 -1.736611983345832111e-01 9.842198013168981241e-01
9.993524262446856765e-01 4.546144128736797077e-06 3.598233091661279942e-02 -6.253244909284379378e-03 9.848052804148095252e-01 1.735495796457400264e-01 -3.543480050691079353e-02 -1.736621998203441153e-01 9.841675747892704162e-01
9.992973284958683866e-01 4.846831874601807717e-06 3.748131851374496976e-02 -6.513895636334867192e-03 9.848051036062890340e-01 1.735409953718298759e-01 -3.691095263820100975e-02 -1.736632024566941990e-01 9.841131406946184157e-01
9.992399823283594218e-01 5.153989897296974198e-06 3.898022177792630216e-02 -6.774541091024112102e-03 9.848049265957733445e-01 1.735320205198444821e-01 -3.838702006441705589e-02 -1.736642062318256852e-01 9.840564923643581041e-01
9.991803919190933581e-01 5.465266948753963470e-06 4.047893741858608202e-02 -7.035161020851236381e-03 9.848047493948057785e-01 1.735226558085271598e-01 -3.986290147264304889e-02 -1.736652110802988369e-01 9.839976339131195626e-01
9.991185620494942299e-01 5.778622009761334958e-06 4.197736217008544296e-02 -7.295735482529370867e-03 9.848045720151408222e-01 1.735129020616169027e-01 -4.133849552076072215e-02 -1.736662169354846741e-01 9.839365700508327928e-01
9.990544850625672213e-01 6.092404089249515799e-06 4.347569251031346838e-02 -7.556254157988323908e-03 9.848045681341494051e-01 1.735017740693489685e-01 -4.281400354403450126e-02 -1.736662389325978051e-01 9.838734667402802003e-01
9.989881700971914302e-01 6.406760881963649145e-06 4.497372527174275936e-02 -7.816766063773832734e-03 9.848043904180676655e-01 1.734912412244558888e-01 -4.428921058417063100e-02 -1.736672466881752641e-01 9.838079859675765704e-01
9.989196089069320994e-01 6.729301859072056417e-06 4.647165690975848390e-02 -8.077225718397848531e-03 9.848043861381590158e-01 1.734793344111566216e-01 -4.576432416103027451e-02 -1.736672709457955655e-01 9.837404666050511004e-01
9.988488064429237312e-01 7.054459592013020514e-06 4.796938417138119776e-02 -8.337699758100050249e-03 9.848042080000415366e-01 1.734680220333275624e-01 -4.723922766399483997e-02 -1.736682810868059312e-01 9.836705665587761604e-01
9.987757633136874480e-01 7.378435976098825459e-06 4.946690371066126551e-02 -8.598139569717026462e-03 9.848040297010840494e-01 1.734563203819511623e-01 -4.871392627474013109e-02 -1.736692921332528006e-01 9.835984599199177891e-01
9.987004852290853885e-01 7.701808363156900625e-06 5.096411231318904306e-02 -8.858477610260411667e-03 9.848040249070062480e-01 1.734432469178004699e-01 -5.018832710519163798e-02 -1.736693193043686023e-01 9.835243257564805219e-01
9.986229680105092044e-01 8.024634584214773982e-06 5.246110652175084432e-02 -9.118777944524480983e-03 9.848040199488270474e-01 1.734297845856608011e-01 -5.166251688293654193e-02 -1.736693474054517572e-01 9.834479864848393316e-01
9.985432068854387389e-01 8.347701384571908675e-06 5.395798285017590346e-02 -9.379111248543833823e-03 9.848038411495388944e-01 1.734169159260454396e-01 -5.313658113890498691e-02 -1.736703612808747077e-01 9.833692639885787123e-01
9.984612131240170330e-01 8.671835328442759329e-06 5.545453824274071408e-02 -9.639338275820611909e-03 9.848038358409330062e-01 1.734026760767802267e-01 -5.461033825678631576e-02 -1.736703913676241329e-01 9.832885162136775214e-01
9.983769707230767398e-01 8.998601264074034117e-06 5.695106889987164994e-02 -9.899619760178128905e-03 9.848036566654133628e-01 1.733890289119660588e-01 -5.608406064486275849e-02 -1.736714073687890825e-01 9.832053805813552039e-01
9.982904911123942071e-01 9.330581972883159229e-06 5.844737177594230837e-02 -1.015981229471678987e-02 9.848036509366814295e-01 1.733740099205159368e-01 -5.755756743218999605e-02 -1.736714398360400258e-01 9.831202151398198419e-01
9.982017629463997288e-01 9.669211143311907153e-06 5.994364317595402697e-02 -1.042006503139056989e-02 9.848034712924550460e-01 1.733595834532160040e-01 -5.903103163117967567e-02 -1.736724584867656296e-01 9.830326619536715604e-01
9.981107859755415923e-01 1.001544287112912429e-05 6.143987971161420786e-02 -1.068032224299303098e-02 9.848032913881418215e-01 1.733447662546183654e-01 -6.050445963788575465e-02 -1.736734786050344315e-01 9.829428941668758579e-01
9.980175662489804145e-01 1.036820489262041062e-05 6.293597819182908393e-02 -1.094050297632613751e-02 9.848032849036340020e-01 1.733285765176552640e-01 -6.197776095574167310e-02 -1.736735153542761922e-01 9.828510910669026046e-01
9.979220975329641252e-01 1.072856067878048575e-05 6.443203504707459284e-02 -1.120074751452758768e-02 9.848031044746202722e-01 1.733129789492580675e-01 -6.345100874316551842e-02 -1.736745384391394920e-01 9.827568998421871704e-01
9.978243861860029984e-01 1.109750347630242841e-05 6.592794710418267701e-02 -1.146091349510610334e-02 9.848030974318887631e-01 1.732960090435314016e-01 -6.492412336246201898e-02 -1.736745783510166841e-01 9.826606733965761453e-01
9.977244189429064214e-01 1.147552694986165602e-05 6.742391054627472347e-02 -1.172116385737877534e-02 9.848029164133044189e-01 1.732796299098042225e-01 -6.639727526689821746e-02 -1.736756047698194416e-01 9.825620520582754036e-01
9.976222089147994687e-01 1.185993234457963921e-05 6.891972242615360122e-02 -1.198139724448772821e-02 9.848027351184859279e-01 1.732628610615069842e-01 -6.787027626307290396e-02 -1.736766327474461857e-01 9.824612220528009532e-01
9.975177563314033824e-01 1.225310911228870405e-05 7.041537938138368868e-02 -1.224154609240104587e-02 9.848027271901832469e-01 1.732447201736470044e-01 -6.934313486445863040e-02 -1.736766776761892728e-01 9.823583568527987087e-01
9.974110470453008137e-01 1.265584955332291828e-05 7.191107753208848818e-02 -1.250178246358049292e-02 9.848025452577344740e-01 1.732271696043115594e-01 -7.081601984882995859e-02 -1.736777092597581451e-01 9.822530960190724025e-01
9.973020877396586714e-01 1.306934466995005132e-05 7.340671372095691760e-02 -1.276202175348778098e-02 9.848023629746156526e-01 1.732092280462471656e-01 -7.228884139949816323e-02 -1.736787428236558350e-01 9.821456193967942339e-01
9.971908857009738059e-01 1.349727779605264380e-05 7.490218483282670703e-02 -1.302224969678542933e-02 9.848021802843863748e-01 1.731908967583273562e-01 -7.376149732578654583e-02 -1.736797786875102223e-01 9.820359341629589789e-01
9.970774335395758969e-01 1.393744749015401077e-05 7.639758721242659312e-02 -1.328240562545273881e-02 9.848021708849937772e-01 1.731711925263683394e-01 -7.523409617277070083e-02 -1.736798319493404741e-01 9.819242062130433268e-01
9.969617466405971129e-01 1.438705527059449730e-05 7.789271807006412085e-02 -1.354260055703091631e-02 9.848019874455884448e-01 1.731520819781605935e-01 -7.670641241436440549e-02 -1.736808720505271519e-01 9.818101043370279779e-01
9.968438257127560931e-01 1.484370235663804741e-05 7.938757407819542478e-02 -1.380267960928996222e-02 9.848019773525801268e-01 1.731316015002789255e-01 -7.817847001547011121e-02 -1.736809292412744843e-01 9.816939755565007308e-01
9.967236633814611224e-01 1.530499086952424290e-05 8.088225158338001319e-02 -1.406281203658608751e-02 9.848017932721057077e-01 1.731117133115738227e-01 -7.965033693000660164e-02 -1.736819729672660351e-01 9.815754663260153334e-01
9.966012681546013718e-01 1.576832492618472547e-05 8.237664756470934602e-02 -1.432281955670199405e-02 9.848017826008863551e-01 1.730904556180466736e-01 -8.112194001986490488e-02 -1.736820334331584115e-01 9.814549312678279014e-01
9.964766491427469175e-01 1.623280391130107716e-05 8.387065905153649747e-02 -1.458284417091673148e-02 9.848015979866807657e-01 1.730697930280347407e-01 -8.259314965013601906e-02 -1.736830801758654230e-01 9.813320331526400597e-01
9.963497904495394186e-01 1.669722832983266446e-05 8.536448203065200024e-02 -1.484275502132526015e-02 9.848015868109222248e-01 1.730477599914733711e-01 -8.406418794311798504e-02 -1.736831434995699530e-01 9.812071024863058266e-01
9.962207097317145044e-01 1.716129643581993912e-05 8.685791390039875048e-02 -1.510268328104609134e-02 9.848014017124891994e-01 1.730263221097558535e-01 -8.553482600293045579e-02 -1.736841929785392924e-01 9.810798105404279212e-01
9.960893905051492192e-01 1.762590137576731836e-05 8.835115060036265178e-02 -1.536249426832124107e-02 9.848013900445394819e-01 1.730035142307763951e-01 -8.700528658039209662e-02 -1.736842590900806171e-01 9.809504871558979433e-01
9.959558420493691555e-01 1.808894838762648168e-05 8.984408917965620855e-02 -1.562234057390402865e-02 9.848012044712523005e-01 1.729812999921196415e-01 -8.847543818894045009e-02 -1.736853112521628550e-01 9.808187954421113686e-01
9.958200651123380043e-01 1.854844328094700277e-05 9.133672632415761050e-02 -1.588204417156475687e-02 9.848011923951347502e-01 1.729577177522099163e-01 -8.994530889708078625e-02 -1.736853796756534507e-01 9.806850821208268343e-01
9.956820511639179472e-01 1.900607683595086474e-05 9.282915828974389050e-02 -1.614180187379133172e-02 9.848010064204558711e-01 1.729347275289860597e-01 -9.141496169818455475e-02 -1.736864341047579530e-01 9.805489928533367427e-01
9.955418099462437498e-01 1.946363882037690688e-05 9.432128216963379941e-02 -1.640150910373940757e-02 9.848008202042308756e-01 1.729113501890321147e-01 -9.288431055930204683e-02 -1.736874898956194402e-01 9.804107102157147979e-01
9.953993326405926600e-01 1.992321626526175025e-05 9.581319419437209217e-02 -1.666109028908267786e-02 9.848008073991841860e-01 1.728866039237686170e-01 -9.435346654491312546e-02 -1.736875624475755497e-01 9.802703984115697100e-01
9.952546292974066011e-01 2.038759203308324603e-05 9.730479148751078333e-02 -1.692071755635478694e-02 9.848006205815862391e-01 1.728624511555381660e-01 -9.582229479333047306e-02 -1.736886216378863701e-01 9.801277215414688770e-01
9.951076809298341486e-01 2.085984525377898517e-05 9.879626976416754081e-02 -1.718033506648231762e-02 9.848004333806413824e-01 1.728379081691985286e-01 -9.729100390812454868e-02 -1.736896829928817609e-01 9.799828338192365651e-01
9.949585375641212259e-01 2.134225861743875704e-05 1.002871281509902651e-01 -1.743975932903429199e-02 9.848004194420750812e-01 1.728120038112466172e-01 -9.875911766925880853e-02 -1.736897619643165414e-01 9.798359573244740384e-01
9.948070893683986782e-01 2.183452340450846340e-05 1.017784577679789471e-01 -1.769937561260273573e-02 9.848002313796512253e-01 1.727866788196051329e-01 -1.002276760445870440e-01 -1.736908281914706365e-01 9.796866382455474698e-01
9.946534058400765543e-01 2.233772726143063591e-05 1.032695586887140693e-01 -1.795886444487602984e-02 9.848002165489471160e-01 1.727599857403253336e-01 -1.016960246941166629e-01 -1.736909122152704710e-01 9.795352906226710843e-01
9.944974873244765146e-01 2.285136436826603674e-05 1.047604275626910081e-01 -1.821842667475162894e-02 9.848000275686815685e-01 1.727338838509130947e-01 -1.031641247469263500e-01 -1.736919836334975542e-01 9.793815692500350556e-01
9.943393341719357625e-01 2.337522737382014931e-05 1.062510610399265282e-01 -1.847796129503147602e-02 9.847998381246259036e-01 1.727073935188931930e-01 -1.046319906380967363e-01 -1.736930576715985663e-01 9.792256472600172623e-01
9.941789467377508682e-01 2.391169377786320777e-05 1.077414557709663323e-01 -1.873736398713225781e-02 9.847998218573515983e-01 1.726795357317771340e-01 -1.060996373897192535e-01 -1.736931498302660970e-01 9.790676976837765499e-01
9.940163253823361966e-01 2.445896451055919098e-05 1.092316084068926246e-01 -1.899684312788787674e-02 9.847996314048828026e-01 1.726522688411060436e-01 -1.075670248011540847e-01 -1.736942295718720553e-01 9.789073754900724511e-01
9.938514704711186587e-01 2.501563905762912478e-05 1.107215155993315492e-01 -1.925618309009104884e-02 9.847996141730017694e-01 1.726236349330755315e-01 -1.090341875523274107e-01 -1.736943271926997545e-01 9.787450263709539522e-01
9.936843823744705428e-01 2.558329874582752358e-05 1.122111740004607811e-01 -1.951560146865343251e-02 9.847994227344621931e-01 1.725955917200290290e-01 -1.105010838154248665e-01 -1.736954125109960723e-01 9.785803054160916448e-01
9.935150614679560954e-01 2.615676778684102732e-05 1.137005802630170481e-01 -1.977487302570404143e-02 9.847994045731290891e-01 1.725661819396479280e-01 -1.119677499690896055e-01 -1.736955153947098429e-01 9.784135582148407728e-01
9.933433929418389319e-01 2.673464541541316648e-05 1.151907243837544809e-01 -2.003439080691097815e-02 9.847992123168218814e-01 1.725373426396824283e-01 -1.134351219146491480e-01 -1.736966053365060769e-01 9.782443265415765588e-01
9.931696060731877163e-01 2.731573958448216976e-05 1.166796161558625450e-01 -2.029358254227787983e-02 9.847991933876359960e-01 1.725071569838801389e-01 -1.149012797144957909e-01 -1.736967125679461099e-01 9.780731812922075497e-01
9.929935875514385168e-01 2.789934644190394432e-05 1.181682457488055227e-01 -2.055284786340506875e-02 9.847990003994676611e-01 1.724775616041482329e-01 -1.163671582811376809e-01 -1.736978066465880433e-01 9.778996658347609561e-01
9.928153377721288253e-01 2.848446773770070371e-05 1.196566098176318621e-01 -2.081195393579652123e-02 9.847989807655668226e-01 1.724466005941404645e-01 -1.178327953406358847e-01 -1.736979178681650748e-01 9.777241255438448020e-01
9.926349782800382160e-01 2.906951387423679846e-05 1.211437123830684803e-01 -2.107096038606385419e-02 9.847987871276679961e-01 1.724162506850299148e-01 -1.192971689663974572e-01 -1.736990156185046486e-01 9.775463351932558442e-01
9.924522686801182658e-01 2.965427530653333597e-05 1.226315355539112223e-01 -2.132997416946185582e-02 9.847987668769172531e-01 1.723845148487338219e-01 -1.207622730558527008e-01 -1.736991303326737845e-01 9.773664029053057423e-01
9.922673290390194856e-01 3.023914840835947754e-05 1.241190831716225407e-01 -2.158906271151259798e-02 9.847985726115792149e-01 1.723533688485213156e-01 -1.222270841221724802e-01 -1.737002316284868286e-01 9.771841021216018941e-01
9.920801597723005738e-01 3.082412899007610222e-05 1.256063518936820778e-01 -2.184798244200293268e-02 9.847985517308068815e-01 1.723208582038724401e-01 -1.236916417927272499e-01 -1.737003499097749537e-01 9.769997779896580914e-01
9.918908883933669207e-01 3.140941526054061137e-05 1.270923464873708053e-01 -2.210680660664163591e-02 9.847983568348436245e-01 1.722889592430357220e-01 -1.251549224915817216e-01 -1.737014547689238742e-01 9.768132114111097719e-01
9.916992626287963741e-01 3.199549083107323532e-05 1.285790475847063963e-01 -2.236563088082117734e-02 9.847983353031402043e-01 1.722556743316938366e-01 -1.266189206114334276e-01 -1.737015767356539786e-01 9.766244985575280868e-01
9.915055385798956511e-01 3.258523463383655760e-05 1.300644682593735391e-01 -2.262436476961636814e-02 9.847981396773181073e-01 1.722230013873431720e-01 -1.280816344530411044e-01 -1.737026857198700758e-01 9.764335470934729644e-01
9.913094580384537169e-01 3.317823539442334759e-05 1.315505883784325591e-01 -2.288309707718203662e-02 9.847981173565782953e-01 1.721889424994976492e-01 -1.295450588469640174e-01 -1.737028121538155834e-01 9.762404472148205059e-01
9.911112830594692724e-01 3.377618053958767071e-05 1.330354217920262094e-01 -2.314174211258374081e-02 9.847979209048193239e-01 1.721554958563333848e-01 -1.310071920323741812e-01 -1.737039258068595882e-01 9.760451125819327167e-01
9.909107495021843848e-01 3.438014392314838906e-05 1.345209475844743596e-01 -2.340051664147623292e-02 9.847977239828581419e-01 1.721216391366702514e-01 -1.324700054424818862e-01 -1.737050421150400648e-01 9.758474552930292978e-01
9.907081253729063119e-01 3.499151379028386165e-05 1.360051804002174181e-01 -2.365894325396031977e-02 9.847977002702248406e-01 1.720864432388042875e-01 -1.339315673178194388e-01 -1.737051764285402200e-01 9.756479113685029292e-01
9.905031406007044348e-01 3.561264898281725147e-05 1.374900985230586847e-01 -2.391763434329893107e-02 9.847975022813119095e-01 1.720518127422948074e-01 -1.353937783931056238e-01 -1.737062987695859595e-01 9.754458706356851083e-01
9.902960691407964866e-01 3.624434099870195935e-05 1.389737174095685979e-01 -2.417597665462349610e-02 9.847974774127283837e-01 1.720158441374566860e-01 -1.368547317307004241e-01 -1.737064396269592248e-01 9.752419470239390709e-01
9.900866349946101375e-01 3.688726174240736477e-05 1.404580145252649903e-01 -2.443458661377469199e-02 9.847972782137395242e-01 1.719804401663869997e-01 -1.383163265202758674e-01 -1.737075688107463933e-01 9.750355246634844208e-01
9.898749761223252230e-01 3.754140443742868182e-05 1.419419960317213625e-01 -2.469301641822362059e-02 9.847972520955931008e-01 1.719436745133076372e-01 -1.397776326419774007e-01 -1.737077167416919699e-01 9.748270834139727281e-01
9.896610929995164341e-01 3.820675720921135499e-05 1.434256585944304607e-01 -2.495154358208685752e-02 9.847970516340572855e-01 1.719074971190578116e-01 -1.412385976844631463e-01 -1.737088530648664142e-01 9.746162798204300870e-01
9.894451310152879708e-01 3.888262111157547273e-05 1.449080094345422676e-01 -2.520971395039675947e-02 9.847970242611663316e-01 1.718699837926648266e-01 -1.426982937272859853e-01 -1.737090080982948981e-01 9.744036009133113518e-01
9.892268023212880124e-01 3.956719258302760509e-05 1.463910243274384182e-01 -2.546815288566889324e-02 9.847968225831195133e-01 1.718330335493854222e-01 -1.441586166616189157e-01 -1.737101512998860398e-01 9.741884194433739763e-01
9.890062508332947422e-01 4.025927967365788493e-05 1.478737102796180980e-01 -2.572639986256248026e-02 9.847967940495945260e-01 1.717947227936651444e-01 -1.456186394757950642e-01 -1.737103129029221038e-01 9.739712208419647466e-01
9.887834770469656753e-01 4.095659818288106900e-05 1.493560639594851136e-01 -2.598459473561214039e-02 9.847967650048030652e-01 1.717560260151032303e-01 -1.470783340786084026e-01 -1.737104774002762586e-01 9.737518337266581891e-01
9.885586323004662557e-01 4.165875049257069732e-05 1.508370934776321337e-01 -2.624271335206947858e-02 9.847965617510743286e-01 1.717179430321230937e-01 -1.485366974863536749e-01 -1.737116295122778098e-01 9.735302354174916184e-01
9.883314169059865817e-01 4.236265188250108932e-05 1.523187728482953140e-01 -2.650079993960048966e-02 9.847965317743614388e-01 1.716784745032131632e-01 -1.499957264696769044e-01 -1.737117992843170977e-01 9.733064742568185990e-01
9.881021345294200842e-01 4.306465297688965400e-05 1.537991218565291085e-01 -2.675865395880935166e-02 9.847965014757463775e-01 1.716386469284907623e-01 -1.514534455755844611e-01 -1.737119708787108474e-01 9.730806775374369888e-01
9.878704795679599249e-01 4.376730526475163739e-05 1.552801136095409706e-01 -2.701677362126755216e-02 9.847962970588242104e-01 1.715993800755848675e-01 -1.529117704470984995e-01 -1.737131295661063224e-01 9.728523727036302304e-01
9.876367616208518996e-01 4.446666623953018997e-05 1.567597688113633869e-01 -2.727450680691915000e-02 9.847962660721797379e-01 1.715587817884345889e-01 -1.543688063486785556e-01 -1.737133050546445234e-01 9.726222078862255538e-01
9.874006691733716590e-01 4.516301545901653462e-05 1.582400596444526464e-01 -2.753250367171489882e-02 9.847960610681886218e-01 1.715187434251644882e-01 -1.558264411373914138e-01 -1.737144670569565064e-01 9.723895331489190719e-01
9.871625177550950037e-01 4.585745020027774454e-05 1.597190077495972416e-01 -2.779011144879426146e-02 9.847960294617897903e-01 1.714773747815060978e-01 -1.572827811462056968e-01 -1.737146460531977521e-01 9.721550023023730613e-01
9.869221511401340408e-01 4.655084798285448737e-05 1.611975974447166227e-01 -2.804781511526720575e-02 9.847958237922180835e-01 1.714365932602089360e-01 -1.587387402501045375e-01 -1.737158118146562846e-01 9.719181185004139856e-01
9.866794071913995712e-01 4.724645277388568685e-05 1.626768120913398286e-01 -2.830547271716830904e-02 9.847957913889392456e-01 1.713944266214353918e-01 -1.601953421254376786e-01 -1.737159953211150354e-01 9.716790649854036843e-01
9.864346103277310540e-01 4.795009322849266804e-05 1.641546747685426466e-01 -2.856306559053535532e-02 9.847955846659894874e-01 1.713528748123092083e-01 -1.616505825280200870e-01 -1.737171670364236198e-01 9.714378184141232442e-01
9.861875999002381876e-01 4.866392025037573072e-05 1.656321690820675430e-01 -2.882060802160554477e-02 9.847953772607106471e-01 1.713109380022168615e-01 -1.631054577758595803e-01 -1.737183426059472902e-01 9.711943920173602418e-01
9.859383764632401181e-01 4.938693503823931815e-05 1.671092917164119784e-01 -2.907793388856801456e-02 9.847953429130302805e-01 1.712676453320335079e-01 -1.645599938557433806e-01 -1.737185371160424041e-01 9.709489576102648956e-01
9.856867719893722679e-01 5.012049673134353868e-05 1.685870250437650486e-01 -2.933554288397917723e-02 9.847951341288930793e-01 1.712249097525175290e-01 -1.660151000628360685e-01 -1.737197204809844409e-01 9.707010071423307629e-01
9.854331227394165227e-01 5.086677677792712722e-05 1.700633941229361679e-01 -2.959276353033296961e-02 9.847950982902655692e-01 1.711808480236734209e-01 -1.674688895128880195e-01 -1.737199234285958516e-01 9.704512142551438014e-01
9.851770906328387589e-01 5.162643216310780692e-05 1.715403667564197598e-01 -2.985010290645040074e-02 9.847950616295180204e-01 1.711363723659825586e-01 -1.689232708915199277e-01 -1.737201310292662004e-01 9.701990747400683901e-01
9.849190178480411451e-01 5.239690386373195915e-05 1.730159690196671485e-01 -3.010738593519118531e-02 9.847948505112041895e-01 1.710925121645146818e-01 -1.703762706288625417e-01 -1.737213275944540503e-01 9.699447544811101718e-01
9.846587349001745260e-01 5.317915360857303230e-05 1.744911830344605674e-01 -3.036444490705273933e-02 9.847948123288982059e-01 1.710472978318477444e-01 -1.718289156989432631e-01 -1.737215438052168714e-01 9.696884287995075624e-01
9.843960664068692745e-01 5.397168006618271834e-05 1.759669898865704185e-01 -3.062179097685389581e-02 9.847945996668320268e-01 1.710026385305617458e-01 -1.732821120602253406e-01 -1.737227490978134337e-01 9.694295828402627047e-01
9.841313634160359092e-01 5.476848504082503801e-05 1.774414172094758435e-01 -3.087873040070547581e-02 9.847945601679843897e-01 1.709566561219151015e-01 -1.747339793793261375e-01 -1.737229727582372263e-01 9.691689043640979717e-01
9.838642731141337139e-01 5.556796549958072161e-05 1.789164302175698662e-01 -3.113577481561089974e-02 9.847945201376704372e-01 1.709102590058512450e-01 -1.761864229054807551e-01 -1.737231994266073831e-01 9.689058748736919524e-01
9.835951524584667371e-01 5.636816613734443453e-05 1.803900576052776816e-01 -3.139275744757205611e-02 9.847943059315820147e-01 1.708644778313251900e-01 -1.776374702590741705e-01 -1.737244134465946444e-01 9.686406750351717054e-01
9.833238246110542757e-01 5.716867724441339398e-05 1.818632801970503643e-01 -3.164949446057951921e-02 9.847942649996810349e-01 1.708173443305096573e-01 -1.790881499504594632e-01 -1.737246452161595456e-01 9.683734724742520950e-01
9.830501068441059864e-01 5.797056317280463054e-05 1.833370777371713667e-01 -3.190651385921967897e-02 9.847940498472514959e-01 1.707707637706183668e-01 -1.805393635946001551e-01 -1.737258645822858383e-01 9.681037455603578312e-01
9.827743649722222585e-01 5.877344508311995824e-05 1.848094805444981947e-01 -3.216311345903818258e-02 9.847940079563386462e-01 1.707228632196393925e-01 -1.819892350829194760e-01 -1.737261017779793137e-01 9.678321961347229330e-01
9.824964177503886509e-01 5.957740384970557139e-05 1.862814686386889684e-01 -3.241964269097593471e-02 9.847939655876134513e-01 1.706745795659441456e-01 -1.834386978678254898e-01 -1.737263416778103420e-01 9.675584748901748799e-01
9.822162658023280146e-01 6.038223612439727573e-05 1.877530387165971815e-01 -3.267628567199898360e-02 9.847937490194420551e-01 1.706268802003783891e-01 -1.848877160549407539e-01 -1.737275690448062682e-01 9.672824118145485484e-01
9.819337205319546014e-01 6.118900348740634060e-05 1.892251694098313342e-01 -3.293284516272022150e-02 9.847937056579407766e-01 1.705777975177004413e-01 -1.863373183014122303e-01 -1.737278145617654479e-01 9.670041624811297476e-01
9.816491595514653667e-01 6.199831054697364633e-05 1.906958932649340521e-01 -3.318935119967172248e-02 9.847934880471458374e-01 1.705293313975071168e-01 -1.877855013541952778e-01 -1.737290478191411969e-01 9.667237575569394004e-01
9.813623957457734415e-01 6.281180581676115617e-05 1.921661891977695380e-01 -3.344560138730596349e-02 9.847934435743324055e-01 1.704795156048064253e-01 -1.892332950723982499e-01 -1.737292996235380305e-01 9.664413538794568437e-01
9.810734297582266450e-01 6.363163788460150490e-05 1.936360539089884147e-01 -3.370197433696141276e-02 9.847932247034614228e-01 1.704302834121586840e-01 -1.906806291898072991e-01 -1.737305400013842982e-01 9.661566110743158298e-01
9.807822622371393795e-01 6.445946232269012812e-05 1.951054841002090312e-01 -3.395809123544582531e-02 9.847931788314124857e-01 1.703797023320760551e-01 -1.921275673104834436e-01 -1.737307997221546885e-01 9.658698706902789644e-01
9.804888938358652384e-01 6.529536383485642556e-05 1.965744764740247619e-01 -3.421414084169566855e-02 9.847931322184445557e-01 1.703287389193313961e-01 -1.935740727240765069e-01 -1.737310636354379989e-01 9.655809628907942033e-01
9.801933252126562301e-01 6.614001500909201916e-05 1.980430277340115008e-01 -3.447031829254032509e-02 9.847929111020052861e-01 1.702783585780899278e-01 -1.950201075924402894e-01 -1.737323167080207231e-01 9.652897180462957083e-01
9.798955570307726903e-01 6.699300959967904368e-05 1.995111345847349338e-01 -3.472623402696412703e-02 9.847928629522310073e-01 1.702266305507244282e-01 -1.964657374242543553e-01 -1.737325893155483303e-01 9.649964774174354387e-01
9.795955899582156068e-01 6.785678254405736777e-05 2.009787937317580320e-01 -3.498228141960280785e-02 9.847926402099336229e-01 1.701754852351767544e-01 -1.979108893444097295e-01 -1.737338515770752434e-01 9.647009011580218729e-01
9.792932222216053084e-01 6.873110733854308630e-05 2.024469811749742554e-01 -3.523823544726520374e-02 9.847925903279274307e-01 1.701229578798053865e-01 -1.993565942560932835e-01 -1.737341339842168875e-01 9.644031309651402983e-01
9.789888579253682721e-01 6.961364613002898275e-05 2.039137347309480930e-01 -3.549394934138303676e-02 9.847925396734732439e-01 1.700700836820570605e-01 -2.008008855013705685e-01 -1.737344207617213532e-01 9.641033945715856701e-01
9.786822967734254419e-01 7.050114099815842886e-05 2.053800307037710882e-01 -3.574979170053117078e-02 9.847923146108319425e-01 1.700177916478417817e-01 -2.022446893633093046e-01 -1.737356961393639876e-01 9.638013247092520608e-01
9.783735394537369512e-01 7.139289567419549332e-05 2.068458658030698782e-01 -3.600535821771948253e-02 9.847922626311351735e-01 1.699641539897837894e-01 -2.036880739669871820e-01 -1.737359904133385924e-01 9.634972621438607776e-01
9.780625866592727036e-01 7.228713881772888539e-05 2.083112367395051900e-01 -3.626084734976058044e-02 9.847922100610959628e-01 1.699101349315556841e-01 -2.051310008917471561e-01 -1.737362880274344323e-01 9.631910374871635039e-01
9.777494390877969899e-01 7.318395900272756517e-05 2.097761402247794449e-01 -3.651646519733438984e-02 9.847919831577215399e-01 1.698566974769429583e-01 -2.065734303655483439e-01 -1.737375738071358922e-01 9.628824815701134687e-01
9.774340974419913897e-01 7.408354237997150386e-05 2.112405729716439473e-01 -3.677179968143795552e-02 9.847919293851832290e-01 1.698019156723404310e-01 -2.080154318937608993e-01 -1.737378782230206420e-01 9.625719348519439222e-01
9.771165624294823049e-01 7.498578166951215920e-05 2.127045316939063790e-01 -3.702705526368937905e-02 9.847918750079210914e-01 1.697467528316311536e-01 -2.094569659965768715e-01 -1.737381860602778549e-01 9.622592281189061847e-01
9.767968347627582482e-01 7.589135111244405994e-05 2.141680131064381543e-01 -3.728244296075286512e-02 9.847916462584461739e-01 1.696921710228779523e-01 -2.108979920348575676e-01 -1.737394822718263954e-01 9.619441923810252426e-01
9.764749151592944099e-01 7.680004517811139764e-05 2.156310139251816915e-01 -3.753754164972316482e-02 9.847915906189972368e-01 1.696362461651422238e-01 -2.123385811187974703e-01 -1.737397972482369879e-01 9.616271677841663479e-01
9.761508043414540703e-01 7.771204900336232577e-05 2.170935308671579356e-01 -3.779256041417541206e-02 9.847915343405608812e-01 1.695799406430627543e-01 -2.137786929534211400e-01 -1.737401158397254564e-01 9.613079852925001667e-01
9.758245030364621764e-01 7.862823049173181381e-05 2.185555606504736570e-01 -3.804771478858503392e-02 9.847913036450388624e-01 1.695242155695501629e-01 -2.152182861027565897e-01 -1.737414230478909194e-01 9.609864760985379339e-01
9.754960119765433424e-01 7.954838326657459645e-05 2.200170999943287797e-01 -3.830257500857842112e-02 9.847912460180175964e-01 1.694671487751903960e-01 -2.166574332109839351e-01 -1.737417492669364183e-01 9.606629800279039566e-01
9.751653318987637542e-01 8.047317880082248247e-05 2.214781456190237641e-01 -3.855757306849297988e-02 9.847910139458755374e-01 1.694106620331854995e-01 -2.180960545765141256e-01 -1.737430642515604695e-01 9.603371588159214101e-01
9.748324635450589248e-01 8.140377499052918204e-05 2.229386942459669896e-01 -3.881227482652752775e-02 9.847909548628657195e-01 1.693528344701531740e-01 -2.195342236223351007e-01 -1.737433987054196605e-01 9.600093520715452522e-01
9.744974076624185466e-01 8.233957395794052724e-05 2.243987425976821382e-01 -3.906689577983988443e-02 9.847908950452937127e-01 1.692946268787539621e-01 -2.209718989223593000e-01 -1.737437373147128761e-01 9.596793910627459123e-01
9.741601650026094905e-01 8.328153720506374918e-05 2.258582873978154659e-01 -3.932143634403426763e-02 9.847908344494082922e-01 1.692360393896058801e-01 -2.224090770762980895e-01 -1.737440803268524014e-01 9.593472765299568827e-01
9.738209636391907953e-01 8.423006016744322372e-05 2.273163515502895915e-01 -3.957595101172123320e-02 9.847905993239045586e-01 1.691780706379606980e-01 -2.238447562002642277e-01 -1.737454125683954576e-01 9.590130639011558156e-01
9.734793511587080950e-01 8.518470023230850069e-05 2.287748797643384402e-01 -3.983033098034310243e-02 9.847905371396161733e-01 1.691187236655437298e-01 -2.252809303993948686e-01 -1.737457645637241477e-01 9.586766460567139880e-01
9.731355541855041258e-01 8.614565739663248808e-05 2.302328946067380144e-01 -4.008462905030017037e-02 9.847904741532463868e-01 1.690589971901053368e-01 -2.267165977469921545e-01 -1.737461210961266933e-01 9.583380769384458597e-01
9.727895734910407821e-01 8.711291742314992916e-05 2.316903928056977535e-01 -4.033907280492986941e-02 9.847902366124984264e-01 1.689998493429447635e-01 -2.281517146820454534e-01 -1.737474669859652432e-01 9.579971883067316396e-01
9.724414098516799276e-01 8.808646598123638183e-05 2.331473710905865304e-01 -4.059320680721032609e-02 9.847901720056398966e-01 1.689393639215247822e-01 -2.295863584074284980e-01 -1.737478326825311892e-01 9.576543189853732319e-01
9.720910640487708809e-01 8.906531655592656092e-05 2.346038261919397849e-01 -4.084725622093254849e-02 9.847901066215947186e-01 1.688784993995672834e-01 -2.310204857923859600e-01 -1.737482027751584002e-01 9.573093006842942065e-01
9.717385368684285929e-01 9.004994155697541717e-05 2.360597548414671287e-01 -4.110145342477208169e-02 9.847898666862008321e-01 1.688182128757022837e-01 -2.324540524301024758e-01 -1.737495621956575420e-01 9.569619653599825693e-01
9.713840666163919835e-01 9.104015489638862574e-05 2.375141823881072867e-01 -4.135516542251228139e-02 9.847897997163893580e-01 1.687566314768999265e-01 -2.338861804739167105e-01 -1.737499412553678013e-01 9.566128853915143448e-01
9.710271805142229873e-01 9.203502457463417965e-05 2.389690486907308509e-01 -4.160895935614518371e-02 9.847897319646952141e-01 1.686946303775029021e-01 -2.353187395935506521e-01 -1.737503247377049365e-01 9.562614263106322676e-01
9.706681154219809482e-01 9.303504474287118461e-05 2.404233787459535698e-01 -4.186266633265670750e-02 9.847896634217636613e-01 1.686322507267513371e-01 -2.367507695249593813e-01 -1.737507126953145020e-01 9.559078213756856401e-01
9.703068721454486401e-01 9.403961954490680356e-05 2.418771692902535742e-01 -4.211652337645188648e-02 9.847894203568249294e-01 1.685704482166124618e-01 -2.381822250420816134e-01 -1.737520897998605096e-01 9.555519028101950862e-01
9.699434514952700592e-01 9.504844490138045470e-05 2.433304170613196649e-01 -4.237005469180681050e-02 9.847893502814076827e-01 1.685073115260471432e-01 -2.396131869636058953e-01 -1.737524864228311705e-01 9.551940086155419340e-01
9.695780990695520574e-01 9.606182309992040286e-05 2.447821492200772386e-01 -4.262332831454127696e-02 9.847892794444619291e-01 1.684438392303149457e-01 -2.410426553290202223e-01 -1.737528873526523465e-01 9.548342120224597718e-01
9.692103275759262893e-01 9.707610673462812461e-05 2.462343020303933427e-01 -4.287667698612650929e-02 9.847892079674618326e-01 1.683799466725373895e-01 -2.424725376012566713e-01 -1.737532919027684475e-01 9.544720331482522413e-01
9.688403811691197465e-01 9.809605776897377210e-05 2.476859022900541052e-01 -4.313018036042948894e-02 9.847889619002372363e-01 1.683166303771849170e-01 -2.439018313956490269e-01 -1.737546859702394086e-01 9.541075441192318207e-01
9.684682606792639481e-01 9.912175835837262858e-05 2.491369467416633121e-01 -4.338335159510488259e-02 9.847888887415526815e-01 1.682519819067622990e-01 -2.453306194938921214e-01 -1.737551000289055680e-01 9.537410824498901984e-01
9.680942175286260110e-01 1.001503152548270941e-04 2.505864640349746431e-01 -4.363626145563250652e-02 9.847888148809920139e-01 1.681869994127578039e-01 -2.467579029612080310e-01 -1.737555180568538804e-01 9.533727273584982065e-01
9.677177528328383405e-01 1.011845686049449197e-04 2.520363874797537651e-01 -4.388949695582410743e-02 9.847885663931785771e-01 1.681225492259528498e-01 -2.481855412974861841e-01 -1.737569257985169258e-01 9.530018194252949382e-01
9.673391165732326824e-01 1.022235615243935388e-04 2.534857453539769989e-01 -4.414239334962981320e-02 9.847884908469859422e-01 1.680567683989022676e-01 -2.496126652569624071e-01 -1.737573533570858086e-01 9.526289411400729046e-01
9.669585645333993451e-01 1.032682742090856420e-04 2.549335674468374835e-01 -4.439502982404883863e-02 9.847884144557866870e-01 1.679906547418027751e-01 -2.510382755725300008e-01 -1.737577856941130150e-01 9.522541762094032247e-01
9.665755891480732886e-01 1.043176708638297905e-04 2.563817848071086591e-01 -4.464799334152557558e-02 9.847881634648983917e-01 1.679250719517718371e-01 -2.524642294536596498e-01 -1.737592075754727239e-01 9.518768568618072301e-01
9.661907025911542490e-01 1.053688936795057487e-04 2.578284606551572988e-01 -4.490044096505791532e-02 9.847880855579259629e-01 1.678582048763135881e-01 -2.538887091375965355e-01 -1.737596484818939857e-01 9.514978233984003886e-01
