1.000000000000000000e+00 0.000000000000000000e+00 0.000000000000000000e+00 0.000000000000000000e+00 9.848077400232231327e-01 1.736482513311081999e-01 0.000000000000000000e+00 -1.736482513311081999e-01 9.848077400232231327e-01
9.999991115689590426e-01 6.998113782652975088e-08 1.332989605243413249e-03 -2.315402320204784821e-04 9.848077400070220921e-01 1.736480970566119386e-01 -1.312726328501204924e-03 -1.736482514229747975e-01 9.848068650894599152e-01
9.999964447043089288e-01 1.750173777592605370e-07 2.666566839850987788e-03 -4.632196539037195947e-04 9.848075662934226981e-01 1.736486187643830614e-01 -2.626024808386486463e-03 -1.736492365983656749e-01 9.848040650923972628e-01
9.999919997706132602e-01 3.232764136938553817e-07 4.000049332861859916e-03 -6.949278179964020821e-04 9.848073925001467055e-01 1.736488317046494256e-01 -3.939222016796084525e-03 -1.736502222197177925e-01 9.847995140397587388e-01
9.999857783091647967e-01 4.381107692355043097e-07 5.333214717412723162e-03 -9.265453748928530620e-04 9.848073923189101242e-01 1.736477513465018718e-01 -5.252113201582139096e-03 -1.736502232472977303e-01 9.847933870985737803e-01
9.999777808375861499e-01 5.513207498425847604e-07 6.666170627318913737e-03 -1.158131523911145114e-03 9.848072184356710945e-01 1.736473473692292657e-01 -6.564797217721752773e-03 -1.736512093729626061e-01 9.847853374826402995e-01
9.999680075299245408e-01 6.927808355208652276e-07 7.998994696376191677e-03 -1.389717351237414753e-03 9.848072181114735368e-01 1.736456502225849075e-01 -7.877347416248023718e-03 -1.736512112110384365e-01 9.847757126587876053e-01
9.999564595365815212e-01 8.401924160401599866e-07 9.331614563368128418e-03 -1.621282773835206565e-03 9.848070440604381748e-01 1.736446296638897435e-01 -9.189693859560973260e-03 -1.736521982821876975e-01 9.847641664675513828e-01
9.999431379575991485e-01 9.704428155018789265e-07 1.066399786983790801e-02 -1.852792845309643704e-03 9.848068699719884078e-01 1.736433010934987087e-01 -1.050180985268901745e-02 -1.736531855597049367e-01 9.847508736400210072e-01
9.999280428562549172e-01 1.103050621916467835e-06 1.199621225399707773e-02 -2.084278534053605331e-03 9.848066958173576912e-01 1.736416645171627027e-01 -1.181375861663652369e-02 -1.736541732066398669e-01 9.847358342394503250e-01
9.999111728595717619e-01 1.251218847935020880e-06 1.332840534460325542e-02 -2.315765354745105697e-03 9.848066952189730161e-01 1.736387349720868167e-01 -1.312568555989969930e-02 -1.736541765991227171e-01 9.847192205538913834e-01
9.998925279975007241e-01 1.405588922308132569e-06 1.466057477698302740e-02 -2.547268620323456766e-03 9.848065208815116600e-01 1.736364819150300887e-01 -1.443758557872841172e-02 -1.736551652766970544e-01 9.847006853330508847e-01
9.998721051045693642e-01 1.566759593815938409e-06 1.599291816092631574e-02 -2.778795674333629437e-03 9.848065201082834008e-01 1.736329353746387527e-01 -1.574965803937111372e-02 -1.736551696603312878e-01 9.846805727350795845e-01
9.998499068826802727e-01 1.744698093515772513e-06 1.732523314854800961e-02 -3.010351383927778544e-03 9.848063455542551692e-01 1.736300651978744392e-01 -1.706169661085328235e-02 -1.736561595597140850e-01 9.846585381520490676e-01
9.998259315054726093e-01 1.944141527296211786e-06 1.865761735684149866e-02 -3.241924557491537937e-03 9.848063445037030794e-01 1.736259017267222649e-01 -1.837380239301415405e-02 -1.736561655152911721e-01 9.846349270486743910e-01
9.998001746177751503e-01 2.158438602980429209e-06 1.999026837257162834e-02 -3.473578394038769231e-03 9.848061696523672248e-01 1.736224134948404219e-01 -1.968616487299549439e-02 -1.736571570940109999e-01 9.846093878806048139e-01
9.997726414628642644e-01 2.387307101921637730e-06 2.132288387314823855e-02 -3.705222057647766104e-03 9.848061683043695114e-01 1.736176321666932920e-01 -2.099849308570786097e-02 -1.736571647354823722e-01 9.845822730600846118e-01
9.997433298240945287e-01 2.630904551904563609e-06 2.265556146535022478e-02 -3.936891029799779486e-03 9.848061667922428652e-01 1.736125419921867030e-01 -2.231087988519061052e-02 -1.736571733072021784e-01 9.845534067777639287e-01
9.997122393537478668e-01 2.884889603355904804e-06 2.398829877236426794e-02 -4.168604247007001891e-03 9.848059914661453362e-01 1.736081274336385150e-01 -2.362331951582241629e-02 -1.736581675708345207e-01 9.845226150835710843e-01
9.996793697072570151e-01 3.146440832195496425e-06 2.532109341638198383e-02 -4.400312585048242464e-03 9.848059896465836127e-01 1.736024193534380367e-01 -2.493581823111282875e-02 -1.736581778849271285e-01 9.844902448591514865e-01
9.996447232085958756e-01 3.414006651609734057e-06 2.665384305413178931e-02 -4.632045303883279216e-03 9.848058140191671139e-01 1.735973871645201116e-01 -2.624826694302890076e-02 -1.736591738503615034e-01 9.844559511832398080e-01
9.996082999193426355e-01 3.687105194684212697e-06 2.798654531675518267e-02 -4.863750335300776745e-03 9.848058118993907595e-01 1.735910619296331392e-01 -2.756067243441998743e-02 -1.736591858658421972e-01 9.844200813165969732e-01
9.995700969723033680e-01 3.966793929855410287e-06 2.931929779248772586e-02 -5.095499479218133787e-03 9.848056359595662723e-01 1.735854120233943920e-01 -2.887312113086005702e-02 -1.736601835958342388e-01 9.843822852477709384e-01
9.995301140355516978e-01 4.255009690776187240e-06 3.065209810064959892e-02 -5.327267984601421341e-03 9.848054598434299312e-01 1.735794529268677722e-01 -3.018561498292183023e-02 -1.736611823190932768e-01 9.843427362477145115e-01
9.994883539788299576e-01 4.549071294330658415e-06 3.198484391075129968e-02 -5.559035441387103448e-03 9.848052835599998556e-01 1.735731851331589193e-01 -3.149805368035581143e-02 -1.736621819844908210e-01 9.843014371434876120e-01
9.994448168763701013e-01 4.851085263296284111e-06 3.331753285323035829e-02 -5.790803515843695633e-03 9.848051070929767503e-01 1.735666086499115524e-01 -3.281043452318187226e-02 -1.736631826843491599e-01 9.842583880091357873e-01
9.993995062705899324e-01 5.159729753004833757e-06 3.465006261867496079e-02 -6.022519017733158307e-03 9.848051041085453816e-01 1.735587398733869913e-01 -3.412266300835779115e-02 -1.736631995994953326e-01 9.842137658934078104e-01
9.993524226418033507e-01 5.472653736925749439e-06 3.598243085185524881e-02 -6.254246156526481644e-03 9.848049272904103590e-01 1.735515473556580868e-01 -3.543472541126934522e-02 -1.736642022829682497e-01 9.841672241445802438e-01
9.993035664734155610e-01 5.787796375472440215e-06 3.731463519871569545e-02 -6.485949683791134360e-03 9.848047503116458268e-01 1.735440469169610145e-01 -3.674662556223563109e-02 -1.736652058707167656e-01 9.841189368057452480e-01
9.992529382519215186e-01 6.103396976801106736e-06 3.864667330637905351e-02 -6.717589398805380585e-03 9.848047468482487021e-01 1.735352545675539759e-01 -3.805836816746750034e-02 -1.736652254998255207e-01 9.840690778926671767e-01
9.992005384668931622e-01 6.419373851474257998e-06 3.997854282315025515e-02 -6.949239619041138079e-03 9.848045695700247126e-01 1.735271385769834862e-01 -3.936993772141338110e-02 -1.736662307784392623e-01 9.840173008087926831e-01
9.991463676109331171e-01 6.743438664382101813e-06 4.131024139852030458e-02 -7.180870791854676236e-03 9.848043920859866907e-01 1.735187149065499090e-01 -4.068133705458405747e-02 -1.736672372172595180e-01 9.839637795837686829e-01
9.990904261798086994e-01 7.070093373692219751e-06 4.264176668317025409e-02 -7.412435099742768069e-03 9.848043880990290377e-01 1.735089997285127750e-01 -4.199257222105179377e-02 -1.736672598128695399e-01 9.839086882162129122e-01
9.990327146723594343e-01 7.395579438348755784e-06 4.397311632897505512e-02 -7.644011105614114711e-03 9.848042103015922644e-01 1.734999609984806956e-01 -4.330362696811222017e-02 -1.736682680214277907e-01 9.838516801702603676e-01
9.989732290600377151e-01 7.720514652282761011e-06 4.530438788633060071e-02 -7.875531065052211732e-03 9.848042060249978524e-01 1.734896302547131453e-01 -4.461461231261393962e-02 -1.736682922581647692e-01 9.837930984878516805e-01
9.989119787755749158e-01 8.045017316597090229e-06 4.663537920874008535e-02 -8.107001982434828766e-03 9.848042016011636646e-01 1.734789930439747108e-01 -4.592532174652767807e-02 -1.736683173292478399e-01 9.837327789488899965e-01
9.988489599296821453e-01 8.369914790864270678e-06 4.796618785495490589e-02 -8.338488853824523039e-03 9.848040233545026778e-01 1.734690323614527241e-01 -4.723584286351775741e-02 -1.736693280770344183e-01 9.836705442546526124e-01
9.987841730334537926e-01 8.696024268994533346e-06 4.929681148166467630e-02 -8.569898918455593970e-03 9.848040186153542708e-01 1.734577808908448759e-01 -4.854618965899463318e-02 -1.736693549346805532e-01 9.836067418568077425e-01
9.987176084755728933e-01 9.024951617939510443e-06 5.062744749029512992e-02 -8.801363826218681560e-03 9.848038400297034478e-01 1.734472042367609934e-01 -4.985653934671831211e-02 -1.736703675970670546e-01 9.835410153639088104e-01
9.986492763665740791e-01 9.359251139946674736e-06 5.195789376911308377e-02 -9.032752594766126769e-03 9.848038349124752511e-01 1.734353370055935484e-01 -5.116670981292199133e-02 -1.736703965967904273e-01 9.834737216381704838e-01
9.985791665691948760e-01 9.700367782816602159e-06 5.328834769323424758e-02 -9.264201953250637833e-03 9.848036559053940930e-01 1.734241444480540684e-01 -5.247687734747129296e-02 -1.736714116406986308e-01 9.834045038144708650e-01
9.985072788087291373e-01 1.004927680645398891e-05 5.461880688003931811e-02 -9.495662596460006585e-03 9.848034766642453919e-01 1.734126429700826866e-01 -5.378704823506478411e-02 -1.736724280046409719e-01 9.833335350699332622e-01
9.984336184085869093e-01 1.040477658117437567e-05 5.594916910265017307e-02 -9.727060491478466478e-03 9.848034708683713889e-01 1.733998502300504174e-01 -5.509713173779047513e-02 -1.736724608490056998e-01 9.832609940483346689e-01
9.983581854995176030e-01 1.076799188175970020e-05 5.727943199928874074e-02 -9.958505224943086168e-03 9.848032911570198111e-01 1.733877328417059438e-01 -5.640710611080462789e-02 -1.736734798705673322e-01 9.831865340665788544e-01
9.982809743544504011e-01 1.114011687757604465e-05 5.860969303645099243e-02 -1.018990340156666549e-02 9.848032848583175847e-01 1.733743233611425294e-01 -5.771708681660878137e-02 -1.736735155634418215e-01 9.831104962725395469e-01
9.982019847113887678e-01 1.152124730805046113e-05 5.993994982902064311e-02 -1.042136882978269598e-02 9.848031046179817061e-01 1.733615880363881256e-01 -5.902705134053611025e-02 -1.736745375754476239e-01 9.830325336467742314e-01
9.981212163115454894e-01 1.190898348086468938e-05 6.127019999100084824e-02 -1.065284232454718864e-02 9.848029241282498791e-01 1.733485436306196059e-01 -6.033700770811777775e-02 -1.736755609941266487e-01 9.829528193225787192e-01
9.980386751593033345e-01 1.230541764986769793e-05 6.260034133165115477e-02 -1.088424655900028376e-02 9.848029170379233310e-01 1.733342083099579101e-01 -6.164686580115347897e-02 -1.736756011711883818e-01 9.828715325487460408e-01
9.979543550082001779e-01 1.271134380216888231e-05 6.393047128395797085e-02 -1.111572122639402534e-02 9.848027359806422742e-01 1.733205468104073999e-01 -6.295669989591520799e-02 -1.736766277985131446e-01 9.827883204916267879e-01
9.978682556089535360e-01 1.312785498472321059e-05 6.526058745984146536e-02 -1.134720665820443224e-02 9.848025546123312379e-01 1.733065761305161712e-01 -6.426651810235400886e-02 -1.736776561814611097e-01 9.827033562547315970e-01
9.977803767154316272e-01 1.355863798394521541e-05 6.659068747035797042e-02 -1.157864050692325973e-02 9.848025465609180351e-01 1.732913136055648229e-01 -6.557632900386381469e-02 -1.736777018022006014e-01 9.826168128884641417e-01
9.976907248768409620e-01 1.400139209569579110e-05 6.792066915663193261e-02 -1.181013260758621494e-02 9.848023644884587036e-01 1.732767256896670105e-01 -6.688600946771201816e-02 -1.736787341671452156e-01 9.825283502452146767e-01
9.975993071775570709e-01 1.445321876339969912e-05 6.925043039550347890e-02 -1.204152990528353957e-02 9.848023557781913073e-01 1.732608484663077375e-01 -6.819548281519946520e-02 -1.736787835195455487e-01 9.824383218700156739e-01
9.975061171209398392e-01 1.491201819778691940e-05 7.058006860252669101e-02 -1.227298233199944008e-02 9.848021730917804195e-01 1.732456457703493435e-01 -6.950482149451281400e-02 -1.736798193554411063e-01 9.823463748279815944e-01
9.974111620635363051e-01 1.537519280554346378e-05 7.190948167432102689e-02 -1.250440270757401107e-02 9.848019901353486372e-01 1.732301363457968424e-01 -7.081393721572667999e-02 -1.736808567144347004e-01 9.822526896409838892e-01
9.973144425728726059e-01 1.584054475560551424e-05 7.323866727786267072e-02 -1.273571633673906307e-02 9.848019806152511491e-01 1.732133381286456164e-01 -7.212284079922565150e-02 -1.736809106532883895e-01 9.821574400826447171e-01
9.972159517627310343e-01 1.630717329584398164e-05 7.456772280301098010e-02 -1.296700875263585330e-02 9.848019708610292744e-01 1.731962322691851797e-01 -7.343161603805033188e-02 -1.736809659182853016e-01 9.820604461252533390e-01
9.971157049873673461e-01 1.677387923716178625e-05 7.589644646610553547e-02 -1.319831846782092838e-02 9.848017872066560097e-01 1.731798033957722416e-01 -7.474005122534654877e-02 -1.736820072235846779e-01 9.819615497103842960e-01
9.970136954995254541e-01 1.724036082429615947e-05 7.722493566944098331e-02 -1.342951393176293647e-02 9.848017770187820208e-01 1.731620863128122967e-01 -7.604826850057748444e-02 -1.736820649445970643e-01 9.818610905696614211e-01
9.969099160235037616e-01 1.770781176721304161e-05 7.855328777615920577e-02 -1.366076402428064059e-02 9.848015929167660554e-01 1.731450435758210005e-01 -7.735633691097064391e-02 -1.736831087786991079e-01 9.817587151967039905e-01
9.968043747317223424e-01 1.817413608387246840e-05 7.988140074761354570e-02 -1.389189555030063798e-02 9.848015822945478392e-01 1.731267129826431772e-01 -7.866418342371318817e-02 -1.736831689596195771e-01 9.816547779471276325e-01
9.966970722099900426e-01 1.863743789484129947e-05 8.120927225803528660e-02 -1.412306225480365433e-02 9.848013978134402269e-01 1.731090580450404259e-01 -7.997177852580703017e-02 -1.736842149342885666e-01 9.815489331266572526e-01
9.965880090470738972e-01 1.909950953692463781e-05 8.253689998296639962e-02 -1.435410687051458765e-02 9.848013868170658602e-01 1.730901156598311230e-01 -8.127914763049198799e-02 -1.736842772342752916e-01 9.814415275512179404e-01
9.964771774483323075e-01 1.956184347300110124e-05 8.386438124698168683e-02 -1.458520902877382362e-02 9.848012019155421015e-01 1.730718474602107870e-01 -8.258635784554121950e-02 -1.736853255834751864e-01 9.813322073461007156e-01
9.963645776103945417e-01 2.002642983037695022e-05 8.519171369447872677e-02 -1.481629031783196666e-02 9.848010167627220257e-01 1.730532719260936547e-01 -8.389342062687421553e-02 -1.736863753495100637e-01 9.812211458144750598e-01
9.962502097330053763e-01 2.049615444279177513e-05 8.651889497011915064e-02 -1.504726798374037521e-02 9.848010050002797833e-01 1.730334079785296741e-01 -8.520034819863329945e-02 -1.736864419876993082e-01 9.811085161879318228e-01
9.961340740190494092e-01 2.097350331816292889e-05 8.784592271883287506e-02 -1.527831317292771898e-02 9.848008192135724315e-01 1.730142179789471157e-01 -8.650710794380390978e-02 -1.736874953368515995e-01 9.809939725802652166e-01
9.960161706745459531e-01 2.146086162799438072e-05 8.917279458582222373e-02 -1.550925613231205792e-02 9.848008067339558691e-01 1.729937398589096731e-01 -8.781372745212542852e-02 -1.736875660362053597e-01 9.808778612423580956e-01
9.958964908587490950e-01 2.195792419260819502e-05 9.049960780621570111e-02 -1.574028777542170465e-02 9.848006201836871920e-01 1.729739339512514906e-01 -8.912027174541267693e-02 -1.736886237025170865e-01 9.807598274604997224e-01
9.957750435686120172e-01 2.246568076176312236e-05 9.182626041183497567e-02 -1.597130486914925471e-02 9.848004332273475603e-01 1.729538208193311943e-01 -9.042665550989727186e-02 -1.736896836617587425e-01 9.806400531095864626e-01
9.956518290196663123e-01 2.298372639035537021e-05 9.315275004819457971e-02 -1.620221487726113477e-02 9.848004195541651962e-01 1.729324199767388048e-01 -9.173289269866152784e-02 -1.736897611193257140e-01 9.805187113357131112e-01
9.955268379826689440e-01 2.351165599505950434e-05 9.447917391378264640e-02 -1.643321644733194975e-02 9.848002317836362929e-01 1.729116909757445752e-01 -9.303904692882387917e-02 -1.736908256820096919e-01 9.803954471642949420e-01
9.954000607009209078e-01 2.405195121140337616e-05 9.580562915667549528e-02 -1.666414414287145304e-02 9.848002172472988258e-01 1.728896712058260732e-01 -9.434524607307137600e-02 -1.736909080268068672e-01 9.802705968314232576e-01
9.952715257432657170e-01 2.460271401277446207e-05 9.713181476415776172e-02 -1.689513119432686436e-02 9.848000285880692539e-01 1.728683262916158314e-01 -9.565116092655998048e-02 -1.736919776145246785e-01 9.801438426709402352e-01
9.951412041983943579e-01 2.516274243824162004e-05 9.845802696279229438e-02 -1.712603787474003408e-02 9.848000132007472818e-01 1.728456907953472566e-01 -9.695711698107833953e-02 -1.736920647774221615e-01 9.800155019692663450e-01
9.950091254371907779e-01 2.573342351235677507e-05 9.978396481653543926e-02 -1.735700590139536634e-02 9.847998236717492304e-01 1.728237299743014821e-01 -9.826278361035571673e-02 -1.736931392827081866e-01 9.798852579375108007e-01
9.948752597591271618e-01 2.630987420056737219e-05 1.011099244733164454e-01 -1.758788666671115206e-02 9.847998074636298282e-01 1.728004787672664799e-01 -9.956848779512601777e-02 -1.736932310926021794e-01 9.797534269962028253e-01
9.947396987983231353e-01 2.689069881019556679e-05 1.024350082321057592e-01 -1.781872070016676107e-02 9.847996172150131899e-01 1.727779127254781555e-01 -1.008733107775823257e-01 -1.736943096651523133e-01 9.796197537630176866e-01
9.946022691858873443e-01 2.747489309097951173e-05 1.037609048505933468e-01 -1.804959989729593151e-02 9.847996003204686488e-01 1.727540423613657672e-01 -1.021789512269095923e-01 -1.736944053611838845e-01 9.794844130829205575e-01
9.944631773615744130e-01 2.806186139255483064e-05 1.050856226343725580e-01 -1.828038077856495441e-02 9.847994094092641371e-01 1.727308626324648155e-01 -1.034834119582094814e-01 -1.736954876779955304e-01 9.793472627264502295e-01
9.943223211366880587e-01 2.865040336916149614e-05 1.064101539727455997e-01 -1.851102886933523456e-02 9.847993918868255259e-01 1.727063969560404810e-01 -1.047877068150060986e-01 -1.736955869286642973e-01 9.792085475433510711e-01
9.941795930261801972e-01 2.923921951116753600e-05 1.077354906953448682e-01 -1.874192343453010348e-02 9.847992003801848693e-01 1.726825852149619089e-01 -1.060927759853276114e-01 -1.736966726095132141e-01 9.790678162456932787e-01
9.940352074289354745e-01 2.982801447827264542e-05 1.090596419488108065e-01 -1.897250750062768471e-02 9.847991822970721953e-01 1.726575063707243840e-01 -1.073966961822005461e-01 -1.736967750342753580e-01 9.789256253627445226e-01
9.938890581904628041e-01 3.041717952416897859e-05 1.103835997060711727e-01 -1.920316724896260416e-02 9.847989902313122323e-01 1.726330999750519124e-01 -1.087004065166425060e-01 -1.736978638734025804e-01 9.787815250141032042e-01
9.937411455700595475e-01 3.100681060825399691e-05 1.117073616181286783e-01 -1.943368627271301746e-02 9.847989715752569762e-01 1.726074083640965207e-01 -1.100039428336977293e-01 -1.736979695416555891e-01 9.786358607460420300e-01
9.935914698301486769e-01 3.159710298357293199e-05 1.130309253363335487e-01 -1.966428306485146563e-02 9.847987789287269145e-01 1.725823889973537306e-01 -1.113072641488870862e-01 -1.736990616615749217e-01 9.784882875771064858e-01
9.934400312362708929e-01 3.218854980735371519e-05 1.143542885123875891e-01 -1.989473639848572672e-02 9.847987596782568076e-01 1.725560847950652898e-01 -1.126104071607588325e-01 -1.736991706948085856e-01 9.783391509589217661e-01
9.932868300570213416e-01 3.278382915266844127e-05 1.156774487983484312e-01 -2.012527244201769983e-02 9.847985663703809900e-01 1.725304526278673978e-01 -1.139133295291141074e-01 -1.737002665515018085e-01 9.781881060182282539e-01
9.931318665642194787e-01 3.338253869614227264e-05 1.170004038466337243e-01 -2.035566386982329626e-02 9.847985464099203723e-01 1.725035360139802743e-01 -1.152160690315723462e-01 -1.737003796038279757e-01 9.780354981095511491e-01
9.929751410327445349e-01 3.398626227285670153e-05 1.183231513100251736e-01 -2.058614097886617145e-02 9.847983523608085932e-01 1.724772912212934606e-01 -1.165185825977958778e-01 -1.737014796493415447e-01 9.778809824702747733e-01
9.928166537406185599e-01 3.459598697524461159e-05 1.196456888416728703e-01 -2.081647261144503949e-02 9.847983316005038956e-01 1.724497623798905144e-01 -1.178209086847392950e-01 -1.737015972292178523e-01 9.777249043553717378e-01
9.926564049689730052e-01 3.521309626207780021e-05 1.209680140950993021e-01 -2.104689407777233026e-02 9.847981366921882973e-01 1.724229051410308966e-01 -1.191230033358516432e-01 -1.737027021310600106e-01 9.775669191153181226e-01
9.924943950020357342e-01 3.583966736517810750e-05 1.222901247242036277e-01 -2.127717009428667025e-02 9.847981149902403919e-01 1.723947642605419273e-01 -1.204249057393105282e-01 -1.737028250408935437e-01 9.774073719030825780e-01
9.923306241271977468e-01 3.647658526340849126e-05 1.236120183832657843e-01 -2.150754068733755700e-02 9.847979190630870017e-01 1.723672947591743110e-01 -1.217265711047042925e-01 -1.737039357023101027e-01 9.772459181846804288e-01
9.921650926349865340e-01 3.712433737099515981e-05 1.249336927269506792e-01 -2.173788681827595881e-02 9.847977225947570634e-01 1.723395191151918804e-01 -1.230280180824041975e-01 -1.737050494198811024e-01 9.770827306695949455e-01
9.919978008190667440e-01 3.778301385630680216e-05 1.262551454103122972e-01 -2.196808384835028868e-02 9.847976992810739683e-01 1.723104604565116882e-01 -1.243292663139579923e-01 -1.737051814516397952e-01 9.769179819589184355e-01
9.918287489762370734e-01 3.845240715407484297e-05 1.275763740887979059e-01 -2.219825289991041173e-02 9.847976754143388245e-01 1.722810960805223335e-01 -1.256302920175868254e-01 -1.737053166138760596e-01 9.767514999771687023e-01
9.916579374064388164e-01 3.913181388830712045e-05 1.288973764182522463e-01 -2.242851980749782995e-02 9.847974772967349466e-01 1.722524026225216165e-01 -1.269310705779012338e-01 -1.737064396580845216e-01 9.765831127678074042e-01
9.914853664127727395e-01 3.981963871313229641e-05 1.302181500549216275e-01 -2.265863002673474888e-02 9.847974523691871429e-01 1.722224267988054780e-01 -1.282316445915019087e-01 -1.737065808239708908e-01 9.764131651630901798e-01
9.913109047622570280e-01 4.051477756910090944e-05 1.315396839664294548e-01 -2.288900942266941865e-02 9.847972532308345572e-01 1.721930988066958934e-01 -1.295329430958946926e-01 -1.737077096376449803e-01 9.762411834507697117e-01
9.911348145223304318e-01 4.121515192389026117e-05 1.328599930118054551e-01 -2.311905333960494885e-02 9.847972273532549226e-01 1.721625115117172145e-01 -1.308330570401312898e-01 -1.737078561800038945e-01 9.760677701301692100e-01
9.909569657867801640e-01 4.192025435729080279e-05 1.341800663338280630e-01 -2.334906133326496505e-02 9.847972010303720491e-01 1.721316187619238436e-01 -1.321329379583821018e-01 -1.737080052428129628e-01 9.758926250469613928e-01
9.907773588712545099e-01 4.262740326985089311e-05 1.354999015903918247e-01 -2.357916377043920916e-02 9.847970006137874988e-01 1.721013963277889525e-01 -1.334325604340566851e-01 -1.737091412821800129e-01 9.757155764109842755e-01
9.905959940945718856e-01 4.333292837211128720e-05 1.368194964398137814e-01 -2.380909103488664663e-02 9.847969736071904290e-01 1.720698926547324370e-01 -1.347319697320549792e-01 -1.737092942141438001e-01 9.755369687693770109e-01
9.904128717783849956e-01 4.403979782681050645e-05 1.381388485408373556e-01 -2.403911383836758453e-02 9.847967725210298173e-01 1.720390590477320902e-01 -1.360311156374092167e-01 -1.737104340350896781e-01 9.753564582683516004e-01
9.902279922477832397e-01 4.474374892856503315e-05 1.394579555526367365e-01 -2.426895677631899645e-02 9.847967448783256916e-01 1.720069446680666525e-01 -1.373300444400766818e-01 -1.737105905667559458e-01 9.751743893371255245e-01
9.900414966070825162e-01 4.544537982992500897e-05 1.407758250933937305e-01 -2.449872141824594590e-02 9.847965432531481378e-01 1.719755245537039345e-01 -1.386277304325491400e-01 -1.737117334303238669e-01 9.749905568895284036e-01
9.898531049533554338e-01 4.614546700669707309e-05 1.420944350944031154e-01 -2.472847617027898806e-02 9.847965150338605644e-01 1.719427999174701627e-01 -1.399261701058726604e-01 -1.737118932248425951e-01 9.748050292605918710e-01
9.896629570782579099e-01 4.684520127680720882e-05 1.434127929880927854e-01 -2.495832835423791168e-02 9.847963127755947621e-01 1.719107448339254052e-01 -1.412243365460800204e-01 -1.737130396634636309e-01 9.746176001991752047e-01
9.894710533190267387e-01 4.754725045594713698e-05 1.447308964354008520e-01 -2.518799907200737834e-02 9.847962838353876425e-01 1.718774099373131248e-01 -1.425222766674890951e-01 -1.737132035375250627e-01 9.744286138913644812e-01
9.892775400641055095e-01 4.825735415361965440e-05 1.460477538202486492e-01 -2.541760553052425237e-02 9.847960806462059402e-01 1.718447696991856899e-01 -1.438189627754519750e-01 -1.737143552361153365e-01 9.742378707128428461e-01
9.890821268780790598e-01 4.897717098235422671e-05 1.473653415548316359e-01 -2.564720637877632853e-02 9.847960505696261579e-01 1.718108250007276405e-01 -1.451163915458895393e-01 -1.737145255403327593e-01 9.740454283661502677e-01
9.888849588380739242e-01 4.970590694387340858e-05 1.486826678303274918e-01 -2.587691748026624272e-02 9.847958461988159939e-01 1.717775493225974226e-01 -1.464135353221831803e-01 -1.737156839173731870e-01 9.738510860678747383e-01
9.886860362938247881e-01 5.044483785616074687e-05 1.499997303095047252e-01 -2.610644817904464801e-02 9.847958149236918368e-01 1.717429948273191676e-01 -1.477104431009557128e-01 -1.737158610032487893e-01 9.736551877511974151e-01
9.884855109141710283e-01 5.119593817269674273e-05 1.513155381701632163e-01 -2.633592245311658364e-02 9.847956092616799717e-01 1.717091353640222140e-01 -1.490060867927670840e-01 -1.737170266781370709e-01 9.734575392593216581e-01
9.882830817395521494e-01 5.195997135341522518e-05 1.526320662493145797e-01 -2.656538742012150636e-02 9.847955765981423193e-01 1.716739715389358489e-01 -1.503024635147162946e-01 -1.737172116196143701e-01 9.732581876606606341e-01
9.880788991284755740e-01 5.273416612811571976e-05 1.539483235250308779e-01 -2.679481588332604733e-02 9.847955432913517715e-01 1.716385031258140237e-01 -1.515985716912877368e-01 -1.737174002010136165e-01 9.730571092842200676e-01
9.878729634431292483e-01 5.351949965633826369e-05 1.552643076619772133e-01 -2.702436131625015128e-02 9.847953355889684790e-01 1.716037030418043341e-01 -1.528943818246397413e-01 -1.737185774114966552e-01 9.728541328835413893e-01
9.876652750489108845e-01 5.431507159162933047e-05 1.565800163253032729e-01 -2.725371793376422241e-02 9.847953009435799210e-01 1.715676254374077503e-01 -1.541899455909692684e-01 -1.737187735661198940e-01 9.726496020609565196e-01
9.874558343146118133e-01 5.511494619508715352e-05 1.578954471806475190e-01 -2.748318650537195582e-02 9.847950920754355852e-01 1.715322158769172767e-01 -1.554852074557090680e-01 -1.737199573637903116e-01 9.724431740086296738e-01
9.872446416119052826e-01 5.591753656069446877e-05 1.592105978941412980e-01 -2.771245537455341648e-02 9.847950564644432081e-01 1.714955293303813688e-01 -1.567802201353673264e-01 -1.737201589811137037e-01 9.722351921926517537e-01
9.870318578405559151e-01 5.672116761784694457e-05 1.605244791006338045e-01 -2.794150519320309778e-02 9.847950204466333624e-01 1.714585663974046437e-01 -1.580739823480097062e-01 -1.737203629003352123e-01 9.720256434983683969e-01
9.868171636430335125e-01 5.752542112085118532e-05 1.618390627455078001e-01 -2.817083748497776693e-02 9.847948102917603030e-01 1.714222434161063457e-01 -1.593684079575166390e-01 -1.737215539685325327e-01 9.718140420017837844e-01
9.866007186102913051e-01 5.833138631479515001e-05 1.631533592516750120e-01 -2.839996398977664635e-02 9.847947734196026426e-01 1.713846442678368109e-01 -1.606625783530071239e-01 -1.737217627209756143e-01 9.716008877487097850e-01
9.863825231263763094e-01 5.913856424490175319e-05 1.644673662872793429e-01 -2.862920384054709264e-02 9.847945623997894637e-01 1.713477124307871136e-01 -1.619564347542273575e-01 -1.737229586739689746e-01 9.713858383110504091e-01
9.861627433589884584e-01 5.994715676596845921e-05 1.657800953583160597e-01 -2.885806290044464970e-02 9.847945246806634190e-01 1.713095337820411124e-01 -1.632490606904307695e-01 -1.737231722175389403e-01 9.711694000628147139e-01
9.859410494506074540e-01 6.075703974362171140e-05 1.670935166809794648e-01 -2.908704398620759815e-02 9.847944865210378484e-01 1.712710226217790122e-01 -1.645423680405112832e-01 -1.737233882537053131e-01 9.709510767764116812e-01
9.857176062613941525e-01 6.156890748476076243e-05 1.684066415423591812e-01 -2.931614187002877514e-02 9.847942741854821547e-01 1.712331783193482282e-01 -1.658353536860079913e-01 -1.737245916407892665e-01 9.707308595728671996e-01
9.854925839067056881e-01 6.238355308053024286e-05 1.697184821201768445e-01 -2.954485536293942685e-02 9.847942351076126588e-01 1.711940887425581759e-01 -1.671271030876424479e-01 -1.737248128711157968e-01 9.705092584856819249e-01
9.852656446605507767e-01 6.320252508068288178e-05 1.710310072971272244e-01 -2.977386102542046650e-02 9.847940217667405793e-01 1.711556364602912494e-01 -1.684194960545485897e-01 -1.737260219366380531e-01 9.702855984970623071e-01
9.850371296743218874e-01 6.402770903014301746e-05 1.723422439897589753e-01 -3.000248242803258553e-02 9.847939815753055104e-01 1.711159399390143887e-01 -1.697106484906846513e-01 -1.737262494659608525e-01 9.700605579217009833e-01
9.848066959800853004e-01 6.486064933973544977e-05 1.736541601744226448e-01 -3.023140114342637297e-02 9.847937670060527005e-01 1.710768799427141718e-01 -1.710024383969220019e-01 -1.737274654714238420e-01 9.698334567353212865e-01
9.845746899824383558e-01 6.570155527727239127e-05 1.749647836831484948e-01 -3.045993405860976388e-02 9.847937255233935039e-01 1.710365767515835689e-01 -1.722929837896205740e-01 -1.737277003044155610e-01 9.696049782688870300e-01
9.843407634740345413e-01 6.655059008134633924e-05 1.762760815719868202e-01 -3.068859279068013660e-02 9.847936833660356770e-01 1.709959399368427280e-01 -1.735841917799043344e-01 -1.737279389544913455e-01 9.693746084928891449e-01
9.841050905235640966e-01 6.740765602795837025e-05 1.775870667076168419e-01 -3.091738063517966012e-02 9.847934668137973135e-01 1.709559688794795307e-01 -1.748750593431409039e-01 -1.737291661669682352e-01 9.691423478739656927e-01
9.838678504462089469e-01 6.827531281774098214e-05 1.788967528962942255e-01 -3.114578037420570947e-02 9.847934232488670947e-01 1.709147562109814833e-01 -1.761646764344028115e-01 -1.737294127782027242e-01 9.689087149533246457e-01
9.836286871790597131e-01 6.915322806310814617e-05 1.802071057872876580e-01 -3.137448421848884617e-02 9.847932051909286111e-01 1.708741781247282709e-01 -1.774549168054337933e-01 -1.737306484982100718e-01 9.686730172116739812e-01
9.833879602497991312e-01 7.003915243972651640e-05 1.815161555626843282e-01 -3.160279409089743891e-02 9.847931601892401243e-01 1.708323594935627354e-01 -1.787439035083094319e-01 -1.737309032354538707e-01 9.684359504993634848e-01
9.831453083624752676e-01 7.092990322565241796e-05 1.828258669165887251e-01 -3.183122430782064916e-02 9.847931145857966584e-01 1.707902064624061966e-01 -1.800335407748195060e-01 -1.737311613768668939e-01 9.681969880983550825e-01
9.829009121542567895e-01 7.182479625287844691e-05 1.841352538965002061e-01 -3.205978422487781865e-02 9.847928946795529992e-01 1.707487183674337439e-01 -1.813228257053817183e-01 -1.737324075406358193e-01 9.679561371510333467e-01
9.826549575026767291e-01 7.272236291770717027e-05 1.854433315244057856e-01 -3.228793989864192637e-02 9.847928479920384781e-01 1.707059913442738608e-01 -1.826108524499965857e-01 -1.737326718127236436e-01 9.677139222478398084e-01
9.824070752655137406e-01 7.362266700600616706e-05 1.867520630353574074e-01 -3.251621251265342932e-02 9.847928007611663759e-01 1.706629294627562410e-01 -1.838995225444893800e-01 -1.737329391585851757e-01 9.674698090685973639e-01
9.821576380772769621e-01 7.452592528880989584e-05 1.880594810488188939e-01 -3.274444567906456549e-02 9.847925792699719905e-01 1.706205646807171239e-01 -1.851868657427826470e-01 -1.737341942758605096e-01 9.672239939619374782e-01
9.819062715689945708e-01 7.543180736160816791e-05 1.893675478098564013e-01 -3.297261089624414082e-02 9.847925309674701033e-01 1.705768972673887551e-01 -1.864748797671168523e-01 -1.737344676819393974e-01 9.669764495348955879e-01
9.816533536129364856e-01 7.634111999233527475e-05 1.906742969372341723e-01 -3.320055125150518649e-02 9.847924821176566867e-01 1.705329603365313140e-01 -1.877615954796702513e-01 -1.737347441837072126e-01 9.667273772508723217e-01
9.813985046159817704e-01 7.725382578578008893e-05 1.919816896721173172e-01 -3.342879650086643534e-02 9.847922589560416107e-01 1.704896544214936360e-01 -1.890489108723412137e-01 -1.737360087376910722e-01 9.664762327992749702e-01
9.811421076856019496e-01 7.816975039734714149e-05 1.932877606465152887e-01 -3.365662821155438605e-02 9.847922089841841808e-01 1.704451128706248597e-01 -1.903349571247585081e-01 -1.737362915845188927e-01 9.662237344853288334e-01
9.808837780071649748e-01 7.908983625264928230e-05 1.945944700837837771e-01 -3.388476728376194069e-02 9.847919846664275889e-01 1.704012015300483407e-01 -1.916215973957949292e-01 -1.737375626672500728e-01 9.659691624114754571e-01
9.806239039205502106e-01 8.001390955557718498e-05 1.958998536431149629e-01 -3.411249031517100960e-02 9.847919335076190661e-01 1.703560556681872062e-01 -1.929069647890323258e-01 -1.737378522259885039e-01 9.657132398594231448e-01
9.803622925978293656e-01 8.094253447374088496e-05 1.972048901539567856e-01 -3.434015827591357928e-02 9.847918817337866226e-01 1.703106080102262943e-01 -1.941919894895597076e-01 -1.737381452633066925e-01 9.654556064877105603e-01
9.800987459922758660e-01 8.187695938129067852e-05 1.985105574032064446e-01 -3.456813778703819728e-02 9.847916555434222952e-01 1.702657893470729267e-01 -1.954775996228328427e-01 -1.737394269249469547e-01 9.651958969957790124e-01
9.798336602862738332e-01 8.281642301489763414e-05 1.998148926167490902e-01 -3.479569741254543574e-02 9.847916024659205680e-01 1.702197378513400361e-01 -1.967619313067888176e-01 -1.737397273338611714e-01 9.649348421185639513e-01
9.795668387439597780e-01 8.376187897499134309e-05 2.011188738460730485e-01 -3.502320223932985782e-02 9.847915487098133358e-01 1.701733848010026362e-01 -1.980459132071853978e-01 -1.737400315807348383e-01 9.646720778006675490e-01
9.792980794149847013e-01 8.471369092205853924e-05 2.024234780792805999e-01 -3.525102171719352723e-02 9.847913205010276894e-01 1.701276595199498476e-01 -1.993304721361397469e-01 -1.737413246450958682e-01 9.644072350353615208e-01
9.790277863178287188e-01 8.567158891043198980e-05 2.037267441402600687e-01 -3.547841747140759172e-02 9.847912653561332608e-01 1.700807031146987780e-01 -2.006137470646930931e-01 -1.737416367444621634e-01 9.641410519991453487e-01
9.787557588119419894e-01 8.663564284884005067e-05 2.050296492869382314e-01 -3.570575741957968813e-02 9.847912095119998321e-01 1.700334454011517005e-01 -2.018966653502569375e-01 -1.737419527982740908e-01 9.638731609284950652e-01
9.784817910465395396e-01 8.760582334277943807e-05 2.063331696930376657e-01 -3.593341432676052521e-02 9.847909792060944856e-01 1.699868142213473432e-01 -2.031801523898865425e-01 -1.737432577095330555e-01 9.636031891164024143e-01
9.782062948697698435e-01 8.858215601847285346e-05 2.076353458117344841e-01 -3.616064269433546391e-02 9.847909219493483635e-01 1.699389536453753125e-01 -2.044623500723043441e-01 -1.737435817501010449e-01 9.633318821691496670e-01
9.779290657396056963e-01 8.956382932199089171e-05 2.089371540918047443e-01 -3.638781326474464090e-02 9.847908640088356425e-01 1.698907920122250392e-01 -2.057441844317164370e-01 -1.737439096574366348e-01 9.630588686209563543e-01
9.776498939080509043e-01 9.055110661257287645e-05 2.102395698770192223e-01 -3.661509577508353930e-02 9.847908053538498852e-01 1.698422928834196211e-01 -2.070266159288665642e-01 -1.737442416053346927e-01 9.627839419132564469e-01
9.773691990463886370e-01 9.154391797950229605e-05 2.115406352811006752e-01 -3.684235830064835904e-02 9.847905722701036924e-01 1.697944916738126087e-01 -2.083076796238372552e-01 -1.737455622098960373e-01 9.625073455418924340e-01
9.770865598724970402e-01 9.254133399207087796e-05 2.128423030147687245e-01 -3.706952385621897772e-02 9.847905122450038018e-01 1.697453899029257307e-01 -2.095893721484997918e-01 -1.737459019036839691e-01 9.622290042677331678e-01
9.768024012699630942e-01 9.354387296454251316e-05 2.141426163162717389e-01 -3.729646002029696900e-02 9.847904515436453066e-01 1.696960241679746073e-01 -2.108697297935114567e-01 -1.737462454213248852e-01 9.619491666708820388e-01
9.765165122010981413e-01 9.455101628604213214e-05 2.154425502511232438e-01 -3.752354784445940949e-02 9.847902164179618278e-01 1.696473194737496415e-01 -2.121496753609748431e-01 -1.737475775588518123e-01 9.616674552758160965e-01
9.762288931724050212e-01 9.556226567476746822e-05 2.167421025164113224e-01 -3.775036341645159055e-02 9.847901543771532262e-01 1.695973522899123231e-01 -2.134292814899282076e-01 -1.737479286485918706e-01 9.613842099249482187e-01
9.759393266516076526e-01 9.657798014137541768e-05 2.180422467493406680e-01 -3.797728714700332464e-02 9.847900916393615978e-01 1.695470467743159515e-01 -2.147094696462190644e-01 -1.737482836796720165e-01 9.610990466973773350e-01
9.756482479363355331e-01 9.759507021483821939e-05 2.193410284783968711e-01 -3.820419232854094932e-02 9.847898546076651050e-01 1.694974393621854758e-01 -2.159882774302403774e-01 -1.737496265809402030e-01 9.608122247742798550e-01
9.753554407993813014e-01 9.861623824438944602e-05 2.206394216314986612e-01 -3.843082021795366648e-02 9.847897906545231006e-01 1.694465705760842267e-01 -2.172667396552449837e-01 -1.737499884818934914e-01 9.605238702614953272e-01
9.750609057591574924e-01 9.964439948912133180e-05 2.219374239084637712e-01 -3.865738807945347938e-02 9.847897259120468316e-01 1.693954016050912559e-01 -2.185448155573726237e-01 -1.737503548458801672e-01 9.602338141223337731e-01
9.747644201024118216e-01 1.006746444305614910e-04 2.232360077743391902e-01 -3.888427975696042566e-02 9.847894868007733837e-01 1.693448536993429343e-01 -2.198234247986126377e-01 -1.737517094916921634e-01 9.599416676853460562e-01
9.744664295274013677e-01 1.017109084177101144e-04 2.245332211032679270e-01 -3.911072168108159497e-02 9.847894206993476063e-01 1.692930841122235741e-01 -2.211007217846718553e-01 -1.737520835372472483e-01 9.596482086122822830e-01
9.741667126242070651e-01 1.027521827285164489e-04 2.258300366579577001e-01 -3.933710040891813531e-02 9.847893538744607600e-01 1.692410146121231529e-01 -2.223776260021773643e-01 -1.737524616732411264e-01 9.593530494641295814e-01
9.738652699237779764e-01 1.037984563226112736e-04 2.271264521410209514e-01 -3.956363919546057595e-02 9.847891125689725023e-01 1.691896043473920530e-01 -2.236540956251381607e-01 -1.737538287103225498e-01 9.590560215746551931e-01
9.735621019601209403e-01 1.048497181001706611e-04 2.284224652557789170e-01 -3.978989160958817939e-02 9.847890442853692861e-01 1.691369350000356819e-01 -2.249302072925913887e-01 -1.737542150914494765e-01 9.587574639006812838e-01
9.732572092707229006e-01 1.059020638731278597e-04 2.297180737062656519e-01 -4.001607569087116401e-02 9.847889754269654183e-01 1.690839660163258595e-01 -2.262059201012805165e-01 -1.737546047224660939e-01 9.584572077296267256e-01
