1.000000000000000000e+00 0.000000000000000000e+00 0.000000000000000000e+00 0.000000000000000000e+00 9.848077400232231327e-01 1.736482513311081999e-01 0.000000000000000000e+00 -1.736482513311081999e-01 9.848077400232231327e-01
9.999997778882161459e-01 3.247969278587590925e-08 6.665009506540907043e-04 -1.157687108515576506e-04 9.848077400194634734e-01 1.736482127617854365e-01 -6.563696548938757454e-04 -1.736482513524269800e-01 9.848075212858198313e-01
9.999991110890177337e-01 7.335113479731289663e-08 1.333349604923491890e-03 -2.316060641374876976e-04 9.848077400062371645e-01 1.736480969732709934e-01 -1.313080273777945083e-03 -1.736482514274246824e-01 9.848068646168102180e-01
9.999979996806448446e-01 1.357227285106569962e-07 2.000158666346907917e-03 -3.474596856047921178e-04 9.848075663273301306e-01 1.736488887848349483e-01 -1.969747820372627894e-03 -1.736492364061030802e-01 9.848055964448523270e-01
9.999964441976426643e-01 1.779073673943161120e-07 2.666756839175433297e-03 -4.632554932351429775e-04 9.848075662920781070e-01 1.736486186764009398e-01 -2.626211419312512920e-03 -1.736492366059881609e-01 9.848040645934290627e-01
9.999944447940035674e-01 2.165357970923625428e-07 3.333223827737979029e-03 -5.790283013883600017e-04 9.848073925993928723e-01 1.736492562834963671e-01 -3.282545865464683420e-03 -1.736502216570376678e-01 9.848019219168404614e-01
9.999920014505632171e-01 2.636378912624325881e-07 3.999629336221602847e-03 -6.947961525589421705e-04 9.848073925416089835e-01 1.736488319963700455e-01 -3.938818757325435183e-03 -1.736502219846771944e-01 9.847995156941685702e-01
9.999891145683185156e-01 3.094876310568733223e-07 4.665913069767040067e-03 -8.105462194772794374e-04 9.848072188232280810e-01 1.736493154852185306e-01 -4.594971131192945174e-03 -1.736512071756574072e-01 9.847964990223819770e-01
9.999857844950579278e-01 3.437901127804919639e-07 5.332054733906296980e-03 -9.262563054845628606e-04 9.848072187556534685e-01 1.736487372139835506e-01 -5.250986294032224805e-03 -1.736512075588199644e-01 9.847932195422059998e-01
9.999820111521512400e-01 3.763262302029403243e-07 5.998114033354433501e-03 -1.041956256514498793e-03 9.848070450302865986e-01 1.736490667578567959e-01 -5.906919608243801738e-03 -1.736521927836601753e-01 9.847893298783085836e-01
9.999777942346345094e-01 4.160367613801667716e-07 6.664160671965966079e-03 -1.157655823967136764e-03 9.848070449407864135e-01 1.736483344808953388e-01 -6.562840134278711754e-03 -1.736521932911375132e-01 9.847851770282436412e-01
9.999731336177557495e-01 4.611256108902573669e-07 7.330214353847868368e-03 -1.273361911776191855e-03 9.848070448352485018e-01 1.736475251545684106e-01 -7.218766662500723276e-03 -1.736521938895451977e-01 9.847805872199248967e-01
9.999680289637478126e-01 5.126446096966288075e-07 7.996314782087288187e-03 -1.389090325224143349e-03 9.848068710576534102e-01 1.736476234956955689e-01 -7.874736721021272437e-03 -1.736531794047309341e-01 9.847753864735870888e-01
9.999624799150826915e-01 5.758433934963626038e-07 8.662491659233611738e-03 -1.504836299030555590e-03 9.848068709032372636e-01 1.736466598857805410e-01 -8.530781311873347761e-03 -1.736531802802449009e-01 9.847699217323636622e-01
9.999564863143364235e-01 6.533625685495036447e-07 9.328744688290828771e-03 -1.620609601262092700e-03 9.848068707109748354e-01 1.736456190779873676e-01 -9.186898410589621963e-03 -1.736531813703115212e-01 9.847640191932091058e-01
9.999500479043174073e-01 7.423049184615231818e-07 9.995083571551892712e-03 -1.736418906864427292e-03 9.848066968272433108e-01 1.736454857852457734e-01 -9.843096338714097532e-03 -1.736541674814143232e-01 9.847575049578468631e-01
9.999431646145855446e-01 8.419341456287168989e-07 1.066149801195969034e-02 -1.852242672980773360e-03 9.848066965567827680e-01 1.736442904733618564e-01 -1.049936844044738540e-02 -1.736541690147634376e-01 9.847507262480915680e-01
9.999358366280944876e-01 9.524678825278104210e-07 1.132795771379543556e-02 -1.968085040218976213e-03 9.848066962417773018e-01 1.736430179380392125e-01 -1.115568322189182913e-02 -1.736541708006132112e-01 9.847435095980091591e-01
9.999280632484062181e-01 1.070472988110990131e-06 1.199451237630688727e-02 -2.083951258218765500e-03 9.848066958855790087e-01 1.736416680583384442e-01 -1.181209022335420224e-02 -1.736541728199553491e-01 9.847358543217427096e-01
9.999198468112211469e-01 1.193604321139121348e-06 1.266096171700565633e-02 -2.199816706112620469e-03 9.848065218361164996e-01 1.736412259675395586e-01 -1.246839041270692353e-02 -1.736551598646753070e-01 9.847275890787717811e-01
9.999111848546422543e-01 1.320702691180476498e-06 1.332750542454228318e-02 -2.315690638886026137e-03 9.848065214035846004e-01 1.736397217742417787e-01 -1.312478492968304801e-02 -1.736551623166638358e-01 9.847190587275757023e-01
9.999020785819623391e-01 1.452537751515466668e-06 1.399404320992799280e-02 -2.431568211230288740e-03 9.848065209300845835e-01 1.736381404231710779e-01 -1.378117279136039340e-02 -1.736551650008512360e-01 9.847100908110071327e-01
9.998925265311624511e-01 1.589729127933234741e-06 1.466067476623575221e-02 -2.547481783591272909e-03 9.848063467567020890e-01 1.736374663610378843e-01 -1.443764952098682518e-02 -1.736561527421100204e-01 9.847005102522888853e-01
9.998825300392298887e-01 1.733306364650041664e-06 1.532729980603670175e-02 -2.663386736061782063e-03 9.848063461901708227e-01 1.736357304089788389e-01 -1.509412115502766980e-02 -1.736561559535424737e-01 9.846906656437829364e-01
9.998720875112130368e-01 1.880859383819561347e-06 1.599401802023225558e-02 -2.779327539048664485e-03 9.848061719226258726e-01 1.736349016803195311e-01 -1.575068107733224032e-02 -1.736571442226489681e-01 9.846802081417267427e-01
9.998612020838841818e-01 2.032037918221917439e-06 1.666062913701182868e-02 -2.895238224533760139e-03 9.848061712670598267e-01 1.736330113484698401e-01 -1.640713756245812394e-02 -1.736571479386480044e-01 9.846694881059435689e-01
9.998498739620677034e-01 2.184811953592950040e-06 1.732713286333981487e-02 -3.011148900079138775e-03 9.848059969140388059e-01 1.736320287978226629e-01 -1.706348499981132430e-02 -1.736581366863440834e-01 9.846581584703841816e-01
9.998381015513932990e-01 2.337841445813759140e-06 1.799362889026025897e-02 -3.127042087473334581e-03 9.848059961824493502e-01 1.736299844234197032e-01 -1.771982770483623154e-02 -1.736581408331561438e-01 9.846465649300173428e-01
9.998258848570974466e-01 2.488756594332578684e-06 1.866011692161195779e-02 -3.242950184592731811e-03 9.848058217636094236e-01 1.736288475300176160e-01 -1.837615965925384204e-02 -1.736591299480333694e-01 9.846343602281355523e-01
9.998132277499093279e-01 2.637547287339488961e-06 1.932639669859209652e-02 -3.358802308834039647e-03 9.848058209756495041e-01 1.736266495084408945e-01 -1.903229001875965040e-02 -1.736591344142891513e-01 9.846218954355635544e-01
9.998001266367005924e-01 2.785703100849982408e-06 1.999266789293314278e-02 -3.474672010604569570e-03 9.848056464957839484e-01 1.736253589900953465e-01 -1.968840856077460483e-02 -1.736601238691848348e-01 9.846088197584274004e-01
9.997865815232829245e-01 2.935603354274545394e-06 2.065893020875141789e-02 -3.590522861651590427e-03 9.848056456349453258e-01 1.736230067448389647e-01 -2.034452141407573286e-02 -1.736601287484282607e-01 9.845954804545425931e-01
9.997725945481930054e-01 3.084338445094742190e-06 2.132508337290786246e-02 -3.706353615038755073e-03 9.848056447437383287e-01 1.736205777658573479e-01 -2.100052697564764106e-02 -1.736601337997776828e-01 9.845817060028022594e-01
9.997581637183728942e-01 3.230638525414069435e-06 2.199122706967254759e-02 -3.822201987761834462e-03 9.848054701667414701e-01 1.736190562744427957e-01 -2.165651981348050079e-02 -1.736611237992728152e-01 9.845673208218633787e-01
9.997432935716841218e-01 3.374183602981924472e-06 2.265716105464895061e-02 -3.937990232974409449e-03 9.848054692274347266e-01 1.736164739091807518e-01 -2.231231030992564951e-02 -1.736611291232068865e-01 9.845526766203454017e-01
9.997279775173749661e-01 3.514993582566698951e-06 2.332318495968569924e-02 -4.053791405280301671e-03 9.848054682658988757e-01 1.736138141071333907e-01 -2.296818983423301250e-02 -1.736611345731353118e-01 9.845375932865692015e-01
9.997122225591783540e-01 3.654008156203422608e-06 2.398899857092593943e-02 -4.169577918802386436e-03 9.848052936177141836e-01 1.736120626065676409e-01 -2.362385840134286277e-02 -1.736621249702304803e-01 9.845219041062810428e-01
9.996960241726250418e-01 3.792866709649621730e-06 2.465480154170232585e-02 -4.285339468571025719e-03 9.848052925996177986e-01 1.736092495618261899e-01 -2.427952056951851803e-02 -1.736621307406871206e-01 9.845059518497178974e-01
9.996793823648932875e-01 3.933098574821435396e-06 2.532059357669396230e-02 -4.401100478240089695e-03 9.848052915433017640e-01 1.736063595116632829e-01 -2.493517172842037513e-02 -1.736621367277369210e-01 9.844895629096486189e-01
9.996622971433571925e-01 4.076572864658350317e-06 2.598637438058480978e-02 -4.516888328919278252e-03 9.848051167772061687e-01 1.736043769300113226e-01 -2.559080674559584614e-02 -1.736631277871469314e-01 9.844725636894584575e-01
9.996447658503678779e-01 4.224688713014317825e-06 2.665224362254052862e-02 -4.632671182194229853e-03 9.848051156189084887e-01 1.736013323927730334e-01 -2.624653245060981979e-02 -1.736631343520564363e-01 9.844552987827017709e-01
9.996267937575550322e-01 4.378865170082978931e-06 2.731800107650452641e-02 -4.748440599795353614e-03 9.848051143975669053e-01 1.735982113049130970e-01 -2.690214701209882320e-02 -1.736631412741937719e-01 9.844375997740633100e-01
9.996083754758702256e-01 4.538082079519061486e-06 2.798384637424337559e-02 -4.864257803722332914e-03 9.848049394522456756e-01 1.735959971499272947e-01 -2.755784234134395216e-02 -1.736641333432567269e-01 9.844192877608733960e-01
9.995895108137250462e-01 4.703298554000772472e-06 2.864977921480322057e-02 -4.980069227219248787e-03 9.848049381036768635e-01 1.735927210372178731e-01 -2.821362758792445372e-02 -1.736641409862502983e-01 9.844007097487474933e-01
9.995702054428479144e-01 4.874673990836162109e-06 2.931559938292821813e-02 -5.095867159815653351e-03 9.848049366854852993e-01 1.735893683892735517e-01 -2.886930080262250023e-02 -1.736641490237261498e-01 9.843816977245325450e-01
9.995504505771097836e-01 5.052387680557122681e-06 2.998160645412928371e-02 -5.211733329414765074e-03 9.848047615296866564e-01 1.735869220424168802e-01 -2.952515176590926951e-02 -1.736651422794178168e-01 9.843620694491787004e-01
9.995302550199749447e-01 5.235139663740491933e-06 3.064750026180071071e-02 -5.327555933069202942e-03 9.848047599705467281e-01 1.735834147812910511e-01 -3.018089540560022974e-02 -1.736651511154354288e-01 9.843421807687452452e-01
9.995096127174886158e-01 5.424328673174936898e-06 3.131348041838572654e-02 -5.443430721217648940e-03 9.848045846682188520e-01 1.735808142579140789e-01 -3.083671751855686372e-02 -1.736661451954117086e-01 9.843216785510958688e-01
9.994885234790102935e-01 5.621173430531393779e-06 3.197954662202595610e-02 -5.559297825370055658e-03 9.848045829449662003e-01 1.735771517748807558e-01 -3.149262836659966897e-02 -1.736661549611597521e-01 9.843009097728040446e-01
9.994669903786502774e-01 5.824963582682050787e-06 3.264559862390310763e-02 -5.675201465919985262e-03 9.848044074699439099e-01 1.735743964877705381e-01 -3.214851834477609055e-02 -1.736671500135887891e-01 9.842795303034566068e-01
9.994450134259539320e-01 6.037787248481517411e-06 3.331163612823086900e-02 -5.791080008578318276e-03 9.848044055619354920e-01 1.735705798173669823e-01 -3.280439803332436260e-02 -1.736671608259542088e-01 9.842578873040963572e-01
9.994225892329173799e-01 6.257654675368162280e-06 3.397775878148841938e-02 -5.906980291511189363e-03 9.848044035627956383e-01 1.735666854761074573e-01 -3.346036035082338572e-02 -1.736671721545786917e-01 9.842358038605508730e-01
9.993997245384538264e-01 6.481417027637347758e-06 3.464376640109778638e-02 -6.022898563690075140e-03 9.848042278215809464e-01 1.735636988475156572e-01 -3.411620268075124529e-02 -1.736681687089803028e-01 9.842131130461100330e-01
9.993764160215576897e-01 6.707344797521873843e-06 3.530975863579353252e-02 -6.138782850517766204e-03 9.848042256827901353e-01 1.735596509054871672e-01 -3.477203538794729903e-02 -1.736681808286477946e-01 9.841901587206851598e-01
9.993526636925945672e-01 6.933119033271612615e-06 3.597573518981587309e-02 -6.254664276241837621e-03 9.848042234925133975e-01 1.735555258875366436e-01 -3.542785267705905045e-02 -1.736681932399820882e-01 9.841667673272923578e-01
9.993284748904406323e-01 7.157530308969191101e-06 3.664149590171772441e-02 -6.370542971075940017e-03 9.848040475900604607e-01 1.735523092110494436e-01 -3.608345126785285351e-02 -1.736691907017585967e-01 9.841427725414624295e-01
9.993038388331345612e-01 7.380178627145304853e-06 3.730734028168614103e-02 -6.486399045196506591e-03 9.848040453155197937e-01 1.735480306935634764e-01 -3.673913881390024339e-02 -1.736692035903906195e-01 9.841185108529828529e-01
9.992787667237998939e-01 7.600674184450473591e-06 3.797296824309657343e-02 -6.602215426655831144e-03 9.848040430037756643e-01 1.735436764473931026e-01 -3.739461360171404680e-02 -1.736692166897956247e-01 9.840938197387133490e-01
9.992532473813752203e-01 7.819656287542573096e-06 3.863867928163627896e-02 -6.718082808991828608e-03 9.848038669811676193e-01 1.735402285993373206e-01 -3.805016374666082835e-02 -1.736702148262381507e-01 9.840685146477660128e-01
9.992272924087679531e-01 8.037524541213449442e-06 3.930417332600601860e-02 -6.833874028073051894e-03 9.848038645853239847e-01 1.735357210016977292e-01 -3.870550698816581370e-02 -1.736702284020172626e-01 9.840429540907145167e-01
9.992008902259170711e-01 8.253159545240107713e-06 3.996974985686370385e-02 -6.949677386310490999e-03 9.848038621542968274e-01 1.735311357370972474e-01 -3.936093184823121621e-02 -1.736702421771387506e-01 9.840169531192909380e-01
9.991740528354473572e-01 8.466041716839457133e-06 4.063510881876555847e-02 -7.065480277141492765e-03 9.848036860222150191e-01 1.735274588804665563e-01 -4.001613585592823930e-02 -1.736712409277506586e-01 9.839903500267547232e-01
9.991467682583469179e-01 8.677249972640690764e-06 4.130054967681097422e-02 -7.181256395246379473e-03 9.848036835233296982e-01 1.735227203436693899e-01 -4.067142775324136122e-02 -1.736712550872679672e-01 9.839634800748074950e-01
9.991190447002717967e-01 8.887833312603306399e-06 4.196587230384618561e-02 -7.297011379334104875e-03 9.848036809801212765e-01 1.735179055686573157e-01 -4.132660332214799920e-02 -1.736712694978937155e-01 9.839361778127907465e-01
9.990908781099869795e-01 9.099220172638288417e-06 4.263117632225706805e-02 -7.412805920940233537e-03 9.848035047102801087e-01 1.735139977602032646e-01 -4.198175301001201565e-02 -1.736722690228740817e-01 9.839082657375395335e-01
9.990622684999628245e-01 9.313418317189399011e-06 4.329646143703265448e-02 -7.528558639909815539e-03 9.848035020419299013e-01 1.735090290755965936e-01 -4.263689088704353258e-02 -1.736722841423208319e-01 9.838800908933341693e-01
9.990332158828661990e-01 9.532255448971321848e-06 4.396172735317034619e-02 -7.644355905804455127e-03 9.848033256155470649e-01 1.735049673045245267e-01 -4.329200140353610393e-02 -1.736732845480122855e-01 9.838513062697946676e-01
9.990037202715553732e-01 9.757918688620782210e-06 4.462697377567609314e-02 -7.760113895198848116e-03 9.848033227580899052e-01 1.734998447173910219e-01 -4.394709906154671553e-02 -1.736733007385080907e-01 9.838222588936815782e-01
9.989737771498863328e-01 9.989737771831854273e-06 4.529230030694240267e-02 -7.875891883395326823e-03 9.848033197995091914e-01 1.734946444098681428e-01 -4.460227453763073585e-02 -1.736733175017701747e-01 9.837927708079577949e-01
9.989433955230528905e-01 1.022838121579709477e-05 4.595750685419856818e-02 -7.991701036852656703e-03 9.848031430588227719e-01 1.734903517086798796e-01 -4.525732267170760187e-02 -1.736743196815352386e-01 9.837626773911199995e-01
9.989125662795446114e-01 1.047389793159474674e-05 4.662279291410552362e-02 -8.107486192448715503e-03 9.848031398805343617e-01 1.734849974755159341e-01 -4.591245578765482810e-02 -1.736743376890724500e-01 9.837323166552010001e-01
9.988812892334434368e-01 1.072648672484564237e-05 4.728815818232287582e-02 -8.223338664220236280e-03 9.848029629119345874e-01 1.734805491722006821e-01 -4.656765745179210214e-02 -1.736753411535940927e-01 9.837013414419212287e-01
9.988495689943512890e-01 1.098754502929484371e-05 4.795350246929545868e-02 -8.339149950449670917e-03 9.848029594887409699e-01 1.734750401652105922e-01 -4.722284508479753645e-02 -1.736753605480390594e-01 9.836701032564759695e-01
9.988174055763509029e-01 1.125567334391635332e-05 4.861882547981720426e-02 -8.454964533594637802e-03 9.848029559450102166e-01 1.734694541892197461e-01 -4.787801053158705772e-02 -1.736753806251190302e-01 9.836384286272356059e-01
9.987847940653027390e-01 1.152977190624319128e-05 4.928422679717112814e-02 -8.570847158730410253e-03 9.848027786116135829e-01 1.734647739969905345e-01 -4.853324348230111246e-02 -1.736763861493832162e-01 9.836061392504512613e-01
9.987517392710159037e-01 1.181023931743024130e-05 4.994960624108008007e-02 -8.686684409707639415e-03 9.848027748349515997e-01 1.734590331788629924e-01 -4.918846223543526380e-02 -1.736764075454637068e-01 9.835735867971522328e-01
9.987182462696926333e-01 1.209327950102150529e-05 5.061486364440934832e-02 -8.802503025672149886e-03 9.848027709705907684e-01 1.734532162547856582e-01 -4.984356035108842425e-02 -1.736764294381911988e-01 9.835406027964115339e-01
9.986843050197635741e-01 1.237769327704873505e-05 5.128019845890134654e-02 -8.918386963536646672e-03 9.848025933509739760e-01 1.734483049878691174e-01 -5.049872553996009872e-02 -1.736774365770895057e-01 9.835070039114366391e-01
9.986499257258035778e-01 1.266268132889666901e-05 5.194541064909907052e-02 -9.034200351728865694e-03 9.848025893371369355e-01 1.734423341023615950e-01 -5.115377866640796745e-02 -1.736774593161901914e-01 9.834731470933109065e-01
9.986151033415767708e-01 1.294804343065247853e-05 5.261059979167942435e-02 -9.150010131003867564e-03 9.848025852535733371e-01 1.734362862623647084e-01 -5.180880902602003069e-02 -1.736774824501626791e-01 9.834388539187776113e-01
9.985798432101166133e-01 1.323288050904210039e-05 5.327566573352111867e-02 -9.265850484478119903e-03 9.848024074307190068e-01 1.734311457998804484e-01 -5.246370887821694834e-02 -1.736784907337433348e-01 9.834039562190050043e-01
9.985441401525348981e-01 1.351589406427407881e-05 5.394070804462249707e-02 -9.381633152367079356e-03 9.848024032367008740e-01 1.734249449722064795e-01 -5.311859492144913042e-02 -1.736785144931262126e-01 9.833687957613013175e-01
9.985079941846669582e-01 1.379728361372243586e-05 5.460572643000006360e-02 -9.497410089203591962e-03 9.848023989922739529e-01 1.734186672208604674e-01 -5.377345768044432262e-02 -1.736785385380042179e-01 9.833331991244841364e-01
9.984714108496067775e-01 1.407754826964249140e-05 5.527062074754011956e-02 -9.613164394927303097e-03 9.848023946934361117e-01 1.734123135085557932e-01 -5.442819844815626612e-02 -1.736785628910378076e-01 9.832971717674123813e-01
9.984343903630468198e-01 1.435658794345873430e-05 5.593539071338834989e-02 -9.728951004570871031e-03 9.848022166624812446e-01 1.734068671333801881e-01 -5.508280723348882302e-02 -1.736795723467543517e-01 9.832605404961224371e-01
9.983969216207998487e-01 1.463460191785797629e-05 5.660023572335073222e-02 -9.844695234787103483e-03 9.848022122555026847e-01 1.734003596086295396e-01 -5.573749970930345216e-02 -1.736795973121089132e-01 9.832236411944431653e-01
9.983590158930284453e-01 1.491228894970000494e-05 5.726495579957716076e-02 -9.960417471222088315e-03 9.848022077873275215e-01 1.733937761887786588e-01 -5.639206920217471053e-02 -1.736796226240399366e-01 9.831863115484614779e-01
9.983206676029584559e-01 1.519184492835391355e-05 5.792965049084288637e-02 -1.007619421655884216e-02 9.848020295555069969e-01 1.733880990537253752e-01 -5.704660328971000033e-02 -1.736806332109661066e-01 9.831483726785821275e-01
9.982818767675893934e-01 1.547316943476139306e-05 5.859431950249564119e-02 -1.019191188244408970e-02 9.848020249206603793e-01 1.733813618713020421e-01 -5.770112173571678715e-02 -1.736806594665851466e-01 9.831101713834986544e-01
9.982426434040947427e-01 1.575755960023545536e-05 5.925896253989457185e-02 -1.030768644562038254e-02 9.848018465074739325e-01 1.733755309021676738e-01 -5.835560375614398665e-02 -1.736816710743221415e-01 9.830713609108380213e-01
9.982029675298540461e-01 1.604561360294064719e-05 5.992357930841029495e-02 -1.042340238904563947e-02 9.848018416709520828e-01 1.733686399673747547e-01 -5.901006945623003125e-02 -1.736816984717718115e-01 9.830322880346969994e-01
9.981628491624341404e-01 1.633842859797447880e-05 6.058816951342509832e-02 -1.053911844594900699e-02 9.848018367170701115e-01 1.733616721800627092e-01 -5.966450816284368797e-02 -1.736817265337404770e-01 9.829927793905431921e-01
9.981222821943182000e-01 1.663710145006856424e-05 6.125283267256158293e-02 -1.065491330292008335e-02 9.848016579499097034e-01 1.733556094322195873e-01 -6.031900703520598483e-02 -1.736827401393583048e-01 9.829526556085856903e-01
9.980812726358302411e-01 1.694232979649325064e-05 6.191746867079588740e-02 -1.077065027772445595e-02 9.848016527246327145e-01 1.733484868218551633e-01 -6.097348855229199616e-02 -1.736827697377877344e-01 9.829122693251794995e-01
9.980398267633499021e-01 1.725421233078644506e-05 6.258197740943087506e-02 -1.088637174802968913e-02 9.848016473559446649e-01 1.733412884317559188e-01 -6.162784358020374081e-02 -1.736828001481714179e-01 9.828714533591583757e-01
9.979979258206453929e-01 1.757264767987341120e-05 6.324665800571112328e-02 -1.100219184891859138e-02 9.848014681584021934e-01 1.733349938344103669e-01 -6.228235570535942817e-02 -1.736838161840577044e-01 9.828300159048529716e-01
9.979555886008903975e-01 1.789793430124048452e-05 6.391121075299921461e-02 -1.111793491193638697e-02 9.848014624938982164e-01 1.733276405919526031e-01 -6.293675161258549533e-02 -1.736838482690405416e-01 9.827883221461845009e-01
9.979128024070865743e-01 1.822917253743862892e-05 6.457583495188026768e-02 -1.123369629366735567e-02 9.848014566862440811e-01 1.733202093704984403e-01 -6.359121684334131941e-02 -1.736838811644564606e-01 9.827461862373387813e-01
9.978695801069268345e-01 1.856516396611539350e-05 6.524033072080562268e-02 -1.134950434192776546e-02 9.848012770632016410e-01 1.733136851084751962e-01 -6.424554341289338832e-02 -1.736848996027628711e-01 9.827034475372313782e-01
9.978259087379995895e-01 1.890391162589391929e-05 6.590489734327249771e-02 -1.146526386252331824e-02 9.848012710141815784e-01 1.733061001044541305e-01 -6.489995050651330144e-02 -1.736849338644388119e-01 9.826604399143976654e-01
9.977818014342262343e-01 1.924351915938686219e-05 6.656933495504797904e-02 -1.158100186238241944e-02 9.848012648764989940e-01 1.732984393856771277e-01 -6.555423039387998918e-02 -1.736849686280729499e-01 9.826170029824089491e-01
9.977372516910885114e-01 1.958588157438737298e-05 6.723374304846298222e-02 -1.169673749282398693e-02 9.848012586273010571e-01 1.732907018224219831e-01 -6.620848072518704941e-02 -1.736850040230210612e-01 9.825731303356435298e-01
9.976922663181810869e-01 1.992920233003623131e-05 6.789802155967751551e-02 -1.181251846434464535e-02 9.848010786016984097e-01 1.732838711261406317e-01 -6.686259145756358324e-02 -1.736860247335930418e-01 9.825286553967881309e-01
9.976468318223632448e-01 2.026909092024064093e-05 6.856236973708716709e-02 -1.192824197901521874e-02 9.848010722221762769e-01 1.732759798510510596e-01 -6.751678308458684830e-02 -1.736860608661954519e-01 9.824839114523418182e-01
9.976009618697441184e-01 2.060913899391035042e-05 6.922658775228342221e-02 -1.204394308345945255e-02 9.848010657617650709e-01 1.732680129438031458e-01 -6.817084649293710108e-02 -1.736860974567479010e-01 9.824387386695830893e-01
9.975546566799875503e-01 2.094625366218209889e-05 6.989067532458631549e-02 -1.215961867604420550e-02 9.848010592581144529e-01 1.732599704425378528e-01 -6.882478194462716969e-02 -1.736861342921488527e-01 9.823931372647735083e-01
9.975079094173640026e-01 2.128093349352961337e-05 7.055473192438399543e-02 -1.227535600433463103e-02 9.848008790190834194e-01 1.732528335070089576e-01 -6.947867503606172668e-02 -1.736871562043733608e-01 9.823469272537431740e-01
9.974607201025775804e-01 2.161387660121361239e-05 7.121875725739547358e-02 -1.239101740309182798e-02 9.848008724101282585e-01 1.732446374003146772e-01 -7.013254979083362317e-02 -1.736871936358307666e-01 9.823004551697742670e-01
9.974130887565265668e-01 2.194578097152468071e-05 7.188275102935362537e-02 -1.250667233534228859e-02 9.848008657364639706e-01 1.732363645191377921e-01 -7.078639363791411343e-02 -1.736872314336718737e-01 9.822535477729996689e-01
9.973650154002777768e-01 2.227854129870752991e-05 7.254671294600531506e-02 -1.262239406129970348e-02 9.848006852866992844e-01 1.732289970732629469e-01 -7.144019333515806702e-02 -1.736882545324060501e-01 9.822060318557004344e-01
9.973165073761034449e-01 2.261614644164465347e-05 7.321054298146112416e-02 -1.273802692038567344e-02 9.848006783854551527e-01 1.732205718779458170e-01 -7.209387481129014841e-02 -1.736882936183581361e-01 9.821582611140817765e-01
9.972675501297488809e-01 2.295949245016354478e-05 7.387444030969281261e-02 -1.285374992678480974e-02 9.848004976421406154e-01 1.732130507687335286e-01 -7.274760869628869864e-02 -1.736893183723567102e-01 9.821098747657095451e-01
9.972181509375724895e-01 2.330847845518398487e-05 7.453830489998802822e-02 -1.296940076649989552e-02 9.848004904340450505e-01 1.732044707408619544e-01 -7.340132208895598642e-02 -1.736893591950267324e-01 9.820612264100514466e-01
9.971683098214529917e-01 2.366340229749091707e-05 7.520213645815089498e-02 -1.308505177774115999e-02 9.848004830664869313e-01 1.731958139563079258e-01 -7.405500190939696969e-02 -1.736894009203140132e-01 9.820121428476032976e-01
9.971180268034541827e-01 2.402496058966229636e-05 7.586593469000017798e-02 -1.320077830741426574e-02 9.848003018382148754e-01 1.731880623814452402e-01 -7.470863454557716277e-02 -1.736904284126276621e-01 9.819624509125455258e-01
9.970672942528554517e-01 2.439404901259873546e-05 7.652979900809918357e-02 -1.331644974500052932e-02 9.848002941143321198e-01 1.731792507158805838e-01 -7.536234402855687686e-02 -1.736904721545062813e-01 9.819124894741211307e-01
9.970161197123513785e-01 2.477046669290204449e-05 7.719362940133242534e-02 -1.343212257774157974e-02 9.848002862054130446e-01 1.731703622817510613e-01 -7.601601881697567231e-02 -1.736905169436730179e-01 9.818620927640790974e-01
9.969645109903763069e-01 2.515341461762435349e-05 7.785732587897996326e-02 -1.354777865054599024e-02 9.848002781201731226e-01 1.731613984352909086e-01 -7.666956057886180342e-02 -1.736905627307813449e-01 9.818112684721584937e-01
9.969124526047404844e-01 2.554149518879362082e-05 7.852108754489522946e-02 -1.366352848992715037e-02 9.848000961834897371e-01 1.731533382473296467e-01 -7.732315197148928454e-02 -1.736915942255733702e-01 9.817598281986142927e-01
9.968599522979532113e-01 2.593161700296158704e-05 7.918481440322713838e-02 -1.377919768211461476e-02 9.848000878188688523e-01 1.731442194911083921e-01 -7.797672226863280875e-02 -1.736916415936562985e-01 9.817081258830148149e-01
9.968070180781597456e-01 2.632268293250849411e-05 7.984840647905104560e-02 -1.389484444877601803e-02 9.848000793502766914e-01 1.731350253687360119e-01 -7.863015965818531683e-02 -1.736916895502053082e-01 9.816559962498693226e-01
9.967536421167350058e-01 2.671349599194536382e-05 8.051196316953669607e-02 -1.401048487240714839e-02 9.848000707937437648e-01 1.731257545204562820e-01 -7.928356223495355848e-02 -1.736917380045072123e-01 9.816034315895140194e-01
9.966998244373389548e-01 2.710385635250024821e-05 8.117548418062467408e-02 -1.412619864189556054e-02 9.847998884598938574e-01 1.731173885007231128e-01 -7.993691561792701239e-02 -1.736927717401088589e-01 9.815502588083458990e-01
9.966455650638048613e-01 2.749436154583341719e-05 8.183896921827134296e-02 -1.424182707653554210e-02 9.847998797248387337e-01 1.731079641595534568e-01 -8.059024755000533669e-02 -1.736928212045715514e-01 9.814968241730716025e-01
9.965908640201838198e-01 2.788481170073447488e-05 8.250241798844898389e-02 -1.435744921185244487e-02 9.847998708991588801e-01 1.730984631044688304e-01 -8.124354376584363990e-02 -1.736928711819727134e-01 9.814429545811258482e-01
9.965357296472948656e-01 2.827520653273522577e-05 8.316573054357342953e-02 -1.447312958458916304e-02 9.847996882899400228e-01 1.730898681727628396e-01 -8.189669136394495119e-02 -1.736939064692524515e-01 9.813884851571722523e-01
9.964801454027565342e-01 2.866554505467920394e-05 8.382910590235286008e-02 -1.458873962225071784e-02 9.847996792829932788e-01 1.730802136592965446e-01 -8.254991516855446354e-02 -1.736939574723314894e-01 9.813337457986780477e-01
9.964241280106598264e-01 2.905642507791646040e-05 8.449234446930888043e-02 -1.470432649119891161e-02 9.847996701771301042e-01 1.730704839117748473e-01 -8.320300415631887159e-02 -1.736940090352567523e-01 9.812785798765932821e-01
9.963676691792285878e-01 2.944834392853528911e-05 8.515554560418396590e-02 -1.481999179783310451e-02 9.847994872696970159e-01 1.730616587128813999e-01 -8.385604126992506069e-02 -1.736950460034387966e-01 9.812228061640230203e-01
9.963107775153161594e-01 2.984209820352962139e-05 8.581860938208714373e-02 -1.493555191469939439e-02 9.847994779379463104e-01 1.730517770557462309e-01 -8.450895748871477264e-02 -1.736950988444911359e-01 9.811667792692397860e-01
9.962534359466669320e-01 3.023908129988833672e-05 8.648173477711042223e-02 -1.505112598383463035e-02 9.847994684646255159e-01 1.730418172535464760e-01 -8.516193381481684810e-02 -1.736951524867317576e-01 9.811103093085566940e-01
9.961956530141902189e-01 3.064058742681155761e-05 8.714482185870640885e-02 -1.516669792828461219e-02 9.847994588293949025e-01 1.730317807897822635e-01 -8.581487161083117821e-02 -1.736952070452305041e-01 9.810534046931038699e-01
9.961374287434797692e-01 3.104661525170074245e-05 8.780787033311202028e-02 -1.528235416478763639e-02 9.847992753349140704e-01 1.730226486648789308e-01 -8.646775530514788644e-02 -1.736962473283053254e-01 9.809958924259333246e-01
9.960787720073920326e-01 3.145766174860998410e-05 8.847078029870451832e-02 -1.539790555080962353e-02 9.847992653638990568e-01 1.730124603702663244e-01 -8.712051687687850932e-02 -1.736963037866383341e-01 9.809381272995587597e-01
9.960196652040386178e-01 3.187382452100789772e-05 8.913375068341947149e-02 -1.551347255219407729e-02 9.847992552162554425e-01 1.730021939019298349e-01 -8.777333704609270593e-02 -1.736963612444656635e-01 9.808799189473832447e-01
9.959601171403715814e-01 3.229540115375977526e-05 8.979668157980218168e-02 -1.562912653720941250e-02 9.847990711891287940e-01 1.729928316107724739e-01 -8.842610174276155366e-02 -1.736974045345417439e-01 9.808211030501651218e-01
9.959001278427745962e-01 3.272209133227973430e-05 9.045957269415873248e-02 -1.574469095992395498e-02 9.847990606791110491e-01 1.729824117999199662e-01 -8.907884187236347895e-02 -1.736974640425281158e-01 9.807620256289866223e-01
9.958396973378379480e-01 3.315329604808025545e-05 9.112242373281295715e-02 -1.586025295177739824e-02 9.847990499970723510e-01 1.729719153538210319e-01 -8.973154173638715758e-02 -1.736975245238767118e-01 9.807025137073362986e-01
9.957788256523811832e-01 3.358742064622714904e-05 9.178523440210632767e-02 -1.597581088608417826e-02 9.847990391669900756e-01 1.729613422771257569e-01 -9.038420132355268199e-02 -1.736975858429188058e-01 9.806425673115792829e-01
9.957175128133957109e-01 3.402366742607561826e-05 9.244800440839825995e-02 -1.609145496081358651e-02 9.847988545025680995e-01 1.729516731566183019e-01 -9.103680439223070520e-02 -1.736986327315781509e-01 9.805820135170902896e-01
9.956557588480791088e-01 3.446094017997926496e-05 9.311073345806616941e-02 -1.620700262063962116e-02 9.847988434171002226e-01 1.729409467720015026e-01 -9.168938291160008691e-02 -1.736986954953469997e-01 9.805211982637115353e-01
9.955935637837960428e-01 3.489903900238933675e-05 9.377342125750560975e-02 -1.632254400179797629e-02 9.847988322154026530e-01 1.729301437705082212e-01 -9.234192065140241212e-02 -1.736987589167992563e-01 9.804599486165530564e-01
9.955309276480881486e-01 3.533826180047384339e-05 9.443606751313039782e-02 -1.643807934873359189e-02 9.847988208922432429e-01 1.729192641569244071e-01 -9.299441727040397287e-02 -1.736988230255309407e-01 9.803982646027497028e-01
9.954678599785761195e-01 3.577830946446778639e-05 9.509857238458722939e-02 -1.655368467095067603e-02 9.847986357534248558e-01 1.729092899239596803e-01 -9.364675794435564637e-02 -1.736998725909313368e-01 9.803359827061359777e-01
9.954043418497173779e-01 3.621967826243651078e-05 9.576113467824984293e-02 -1.666920835150638436e-02 9.847986241877723090e-01 1.728982570496443716e-01 -9.429917136255792920e-02 -1.736999380713929175e-01 9.802734301175000109e-01
9.953403923756158900e-01 3.666226849530453737e-05 9.642355501345556412e-02 -1.678470865460520225e-02 9.847986124984255962e-01 1.728871492522094377e-01 -9.495144475433137110e-02 -1.737000042517379828e-01 9.802104527406404477e-01
9.952760020747343228e-01 3.710597945414233494e-05 9.708593264361047026e-02 -1.690029832540449264e-02 9.847984269854511696e-01 1.728769450316994249e-01 -9.560365898147261954e-02 -1.737010559269205334e-01 9.801468683616895161e-01
9.952111709755624425e-01 3.755150696330504908e-05 9.774826727535398940e-02 -1.701578744716097588e-02 9.847984150375935775e-01 1.728656840353124946e-01 -9.625584731850192477e-02 -1.737011235695606615e-01 9.800830227729022681e-01
9.951458991068186100e-01 3.799865102996233214e-05 9.841055861534456217e-02 -1.713127072339850829e-02 9.847984029571360542e-01 1.728543464784023931e-01 -9.690799272652010632e-02 -1.737011919624515954e-01 9.800187431149162132e-01
9.950801964046689374e-01 3.844780913979670221e-05 9.907270686224063649e-02 -1.724673121279364854e-02 9.847983907372712675e-01 1.728429340868593012e-01 -9.755999685177906000e-02 -1.737012611440881538e-01 9.799540391728757127e-01
9.950140431498522009e-01 3.889977553254860248e-05 9.973491074539288237e-02 -1.736230243402120399e-02 9.847982046602423711e-01 1.728324233243080099e-01 -9.821203790154035829e-02 -1.737023160028981772e-01 9.798887186953708639e-01
9.949474994111406900e-01 3.935415341223169914e-05 1.003965729831896581e-01 -1.747768447427541783e-02 9.847981921397027660e-01 1.728208647813991305e-01 -9.886356235204146747e-02 -1.737023868852226594e-01 9.798231865134854335e-01
9.948804146227683276e-01 3.981153264496077354e-05 1.010591857035795377e-01 -1.759323466477416553e-02 9.847981794522358001e-01 1.728092122590459134e-01 -9.951602229821535084e-02 -1.737024587120276353e-01 9.797571215068239248e-01
9.948129902701440264e-01 4.027221845671350375e-05 1.017207587856226725e-01 -1.770860761998206689e-02 9.847981666052192384e-01 1.727975007549598097e-01 -1.001674578190737824e-01 -1.737025314413905008e-01 9.796907220980082265e-01
9.947450236032334692e-01 4.073600243335216914e-05 1.023832816292805370e-01 -1.782424951850027084e-02 9.847979798840447163e-01 1.727866746754703753e-01 -1.008198102840146826e-01 -1.737035899366581593e-01 9.796236158328425203e-01
9.946767187561167400e-01 4.120319001830492219e-05 1.030447643835531307e-01 -1.793961403338849292e-02 9.847979667024270301e-01 1.727748101636882028e-01 -1.014711555709202351e-01 -1.737036645585307570e-01 9.795563493265915245e-01
9.946078703310486935e-01 4.167357248732271032e-05 1.037071961767795231e-01 -1.805514664565614769e-02 9.847979533455212264e-01 1.727628512327707144e-01 -1.021234348968909633e-01 -1.737037401721274743e-01 9.794885475058268121e-01
9.945386851104315307e-01 4.214715714605227594e-05 1.043685874314247003e-01 -1.817050176675768375e-02 9.847979398265936934e-01 1.727508338007106015e-01 -1.027746889285394705e-01 -1.737038167022061097e-01 9.794204140095960076e-01
9.944689550491818686e-01 4.262353612088121835e-05 1.050309270006814649e-01 -1.828612789236841799e-02 9.847977524328835885e-01 1.727397010818443601e-01 -1.034268580693248063e-01 -1.737048789941582905e-01 9.793515712161452447e-01
9.943988895776374459e-01 4.310291597496003306e-05 1.056922255840044428e-01 -1.840147347644259176e-02 9.847977385831393482e-01 1.727275306817955547e-01 -1.040780196807050556e-01 -1.737049573952150483e-01 9.792825708628073444e-01
9.943283843576987691e-01 4.358519156217338804e-05 1.063534774275846778e-01 -1.851681389618663187e-02 9.847977245665239243e-01 1.727152838973173010e-01 -1.047291347416881846e-01 -1.737050367402396267e-01 9.792131374462504922e-01
9.942573324053918249e-01 4.406966088186332810e-05 1.070156764963869911e-01 -1.863232111439935834e-02 9.847977103874009375e-01 1.727029421452410396e-01 -1.053811822291070704e-01 -1.737051170046454152e-01 9.791431656087878910e-01
9.941859471212702859e-01 4.455672987775018286e-05 1.076768339118513579e-01 -1.874775608810134650e-02 9.847975223470248896e-01 1.726915215661209702e-01 -1.060321846810847179e-01 -1.737061829465456619e-01 9.790726928159610987e-01
9.941140138445020424e-01 4.504599010596185116e-05 1.083389378239986434e-01 -1.886325235348285806e-02 9.847975078479247468e-01 1.726790266568742072e-01 -1.066841374742388410e-01 -1.737062650205093428e-01 9.790018530646417139e-01
9.940417486226789112e-01 4.553715194043400416e-05 1.089999996400666388e-01 -1.897856957486986074e-02 9.847974932049672336e-01 1.726664740883541160e-01 -1.073350636654143847e-01 -1.737063479081298045e-01 9.789306864147027110e-01
9.939689341489058583e-01 4.603040318266100894e-05 1.096620072226016096e-01 -1.909405324378962709e-02 9.847974783979215330e-01 1.726538261140441455e-01 -1.079869208636456690e-01 -1.737064317240361866e-01 9.788589788626813615e-01
9.938957891174750037e-01 4.652386436425343916e-05 1.103229722681620673e-01 -1.920946475571643636e-02 9.847972897714356577e-01 1.726420995083003951e-01 -1.086377321115941791e-01 -1.737075009732310105e-01 9.787867731366645119e-01
9.938222045601372567e-01 4.701961679501190719e-05 1.109838885261479197e-01 -1.932476216971566740e-02 9.847972746908609798e-01 1.726293176970144783e-01 -1.092885139907790876e-01 -1.737075863357972483e-01 9.787143072209983918e-01
9.937480688641490145e-01 4.751825019470736730e-05 1.116457494524112776e-01 -1.944022662925780007e-02 9.847972594285404613e-01 1.726164401516812608e-01 -1.099402256563892649e-01 -1.737076727264854070e-01 9.786412985453712965e-01
9.936736046920194854e-01 4.801788584107192115e-05 1.123065671839847263e-01 -1.955551096662912561e-02 9.847972440370282854e-01 1.726035055493014836e-01 -1.105909097946222858e-01 -1.737077598478442841e-01 9.785679663873334544e-01
9.935987010921947249e-01 4.852050476887374267e-05 1.129673352507883366e-01 -1.967090097150540201e-02 9.847970547601100355e-01 1.725914731114544520e-01 -1.112415248136801454e-01 -1.737088327678627531e-01 9.784940288911087025e-01
9.935232444692886355e-01 4.902520583347880039e-05 1.136290468839164514e-01 -1.978634645270309356e-02 9.847970390226127302e-01 1.725783660438004463e-01 -1.118930882283248468e-01 -1.737089218457807116e-01 9.784197193832024908e-01
9.934474614530237613e-01 4.953249571112354303e-05 1.142897146687953669e-01 -1.990161327285171547e-02 9.847970231225321447e-01 1.725652022805778674e-01 -1.125436231942114201e-01 -1.737090118431705577e-01 9.783450884441483586e-01
9.933712391090824267e-01 5.004226825793874355e-05 1.149503319119070804e-01 -2.001687387418459377e-02 9.847970070525238206e-01 1.725519622047115009e-01 -1.131941079349592372e-01 -1.737091028016741201e-01 9.782700248564534240e-01
9.932944618598388287e-01 5.055322503277406707e-05 1.156118916156310822e-01 -2.013241330986553779e-02 9.847968171194086962e-01 1.725396039342925736e-01 -1.138455004508028001e-01 -1.737101794249641673e-01 9.781942422603258080e-01
